621.316 21.6957 11.7987 0.357895 0.00234499 0.00688948 0.933734
643.032 35.3304 12.5973 0.299174 -0.00376326 0.00438906 0.954181
259
1438643275.632757021 -3.04085 -3.25229
1438643275.632761433 -3.04373 -3.25299
1438643275.632765521 -3.04373 -3.25299
1438643275.632769448 -3.04085 -3.25229
1438643275.632784379 -3.03995 -3.25281
1438643275.632788734 -3.04085 -3.25229
1438643275.632790592 -3.03614 -3.2527
1438643275.632792915 -3.03704 -3.25107
1438643275.632794450 -3.03607 -3.25258
1438643275.632796883 -3.03623 -3.25259
1438643275.638027935 -3.03424 -3.25137
1438643275.647851199 -3.03424 -3.25137
1438643275.658236891 -3.03526 -3.25315
1438643275.668035935 -3.03513 -3.25204
1438643275.677899565 -3.03423 -3.25256
1438643275.688240263 -3.03614 -3.2527
1438643275.698077679 -3.03424 -3.25249
1438643275.707952090 -3.03424 -3.25249
1438643275.718275541 -3.03232 -3.25139
1438643275.728164480 -3.03424 -3.25249
1438643275.737983480 -3.02954 -3.25289
1438643275.747907337 -3.02855 -3.25114
1438643275.758215669 -3.02764 -3.25166
1438643275.768079403 -3.02666 -3.25101
1438643275.777921194 -3.02765 -3.25277
1438643275.788230563 -3.02955 -3.25282
1438643275.798133633 -3.02955 -3.25282
1438643275.807958507 -3.03153 -3.25182
1438643275.817865093 -3.03145 -3.25177
1438643275.828150817 -3.03242 -3.25137
1438643275.838073854 -3.03233 -3.25132
1438643275.847923536 -3.03343 -3.25305
1438643275.858226539 -3.03329 -3.25297
1438643275.868091524 -3.03234 -3.25243
1438643275.877980936 -3.03432 -3.25142
1438643275.888268342 -3.03425 -3.25146
1438643275.898107627 -3.03432 -3.25142
1438643275.908037063 -3.03327 -3.25193
1438643275.917886536 -3.03425 -3.25146
1438643275.928152341 -3.03333 -3.25189
1438643275.938075214 -3.03233 -3.25132
1438643275.947955913 -3.03424 -3.25137
1438643275.958200973 -3.03333 -3.25189
1438643275.968118065 -3.03424 -3.25137
1438643275.978006046 -3.03425 -3.25146
1438643275.988247167 -3.03432 -3.25142
1438643275.998178475 -3.03424 -3.25137
1438643276.008052272 -3.03432 -3.25142
1438643276.017841877 -3.03417 -3.25253
1438643276.028154431 -3.02959 -3.25212
1438643276.038078974 -2.90289 -3.25059
1438643276.047917639 -2.635 -3.25638
1438643276.058224964 -2.24668 -3.25678
1438643276.068095547 -1.76057 -3.26201
1438643276.077949385 -1.21028 -3.27234
1438643276.087859351 -0.627463 -3.27955
1438643276.098175033 0.017938 -3.29093
1438643276.107996025 0.658265 -3.30499
1438643276.117893575 1.30979 -3.32351
1438643276.128211986 1.96698 -3.34379
1438643276.138040980 2.55612 -3.39669
1438643276.147913002 2.94465 -3.51433
1438643276.158264143 2.95527 -3.71182
1438643276.168098668 2.69977 -3.90865
1438643276.178015008 2.37792 -4.05803
1438643276.187893394 2.18981 -4.14083
1438643276.198197847 2.27446 -4.20722
1438643276.208049541 2.59716 -4.25921
1438643276.217901723 3.0102 -4.24933
1438643276.228245028 3.36598 -4.25456
1438643276.238105432 3.39485 -4.23736
1438643276.247973737 3.08348 -4.22334
1438643276.258278163 2.61971 -4.22257
1438643276.268117587 2.3043 -4.22254
1438643276.277947120 2.23926 -4.23017
1438643276.287873271 2.41963 -4.2619
1438643276.298157779 2.78602 -4.29013
1438643276.308043161 3.04862 -4.302
1438643276.317900515 2.99038 -4.28652
1438643276.328205102 2.70443 -4.26459
1438643276.338106891 2.34601 -4.28007
1438643276.347993775 2.09043 -4.32089
1438643276.358259112 2.06291 -4.34892
1438643276.368118845 2.18317 -4.38642
1438643276.378039321 2.36177 -4.39167
1438643276.387875759 2.46633 -4.36459
1438643276.398222100 2.40878 -4.33252
1438643276.408091054 2.29468 -4.30528
1438643276.417907747 2.25123 -4.31303
1438643276.428238341 2.33783 -4.35296
1438643276.438138397 2.5056 -4.38867
1438643276.447953062 2.64476 -4.40149
1438643276.458314843 2.6933 -4.39212
1438643276.468120023 2.59712 -4.36495
1438643276.477972041 2.369 -4.33078
1438643276.487894017 2.1348 -4.30383
1438643276.498234246 2.04201 -4.29262
1438643276.508089411 2.18328 -4.29723
1438643276.517927584 2.50598 -4.31778
1438643276.528247867 2.90137 -4.32508
1438643276.538093382 3.12903 -4.32606
1438643276.548000816 3.12145 -4.32303
1438643276.557910175 2.9145 -4.29433
1438643276.568115292 2.63558 -4.25286
1438643276.578076588 2.44906 -4.20568
1438643276.587942346 2.46237 -4.17564
1438643276.598180892 2.72907 -4.16223
1438643276.608093949 3.14263 -4.17204
1438643276.617964398 3.50302 -4.17729
1438643276.628237582 3.55686 -4.18686
1438643276.638173737 3.25606 -4.15025
1438643276.648038183 2.78161 -4.1081
1438643276.657871950 2.32749 -4.10396
1438643276.668188980 2.0948 -4.13829
1438643276.678087735 2.14629 -4.19026
1438643276.687962796 2.40971 -4.25233
1438643276.698271113 2.74344 -4.30298
1438643276.708100653 2.9097 -4.31079
1438643276.717979048 2.83891 -4.24973
1438643276.728237400 2.61515 -4.15441
1438643276.738107097 2.42735 -4.08744
1438643276.748060533 2.36173 -4.04502
1438643276.757876512 2.45304 -4.03221
1438643276.768173728 2.64639 -4.03611
1438643276.778097925 2.81332 -4.05376
1438643276.787953023 2.83979 -4.04432
1438643276.798271827 2.64488 -4.01451
1438643276.808119512 2.36881 -3.97737
1438643276.818000601 2.16857 -3.9468
1438643276.827848164 2.11286 -3.95774
1438643276.838193144 2.17248 -4.00734
1438643276.848013002 2.31617 -4.06158
1438643276.857919317 2.46059 -4.10992
1438643276.868186257 2.52203 -4.14402
1438643276.878033363 2.47967 -4.15668
1438643276.887908940 2.37251 -4.16956
1438643276.898269314 2.30435 -4.17833
1438643276.908097861 2.37304 -4.20104
1438643276.917976461 2.53051 -4.22933
1438643276.927883049 2.67201 -4.25574
1438643276.938183272 2.7285 -4.27251
1438643276.948057588 2.69369 -4.28958
1438643276.957933147 2.59621 -4.29464
1438643276.968207369 2.47863 -4.29439
1438643276.978100729 2.37614 -4.29985
1438643276.987972660 2.27052 -4.31355
1438643276.998221181 2.19012 -4.33235
1438643277.008158164 2.19332 -4.36167
1438643277.017979251 2.24858 -4.39169
1438643277.027856602 2.35594 -4.41381
1438643277.038212810 2.51681 -4.41931
1438643277.048018836 2.65416 -4.39445
1438643277.057894324 2.71872 -4.35156
1438643277.068228026 2.74316 -4.28127
1438643277.078170852 2.78518 -4.23583
1438643277.087936913 2.79719 -4.23083
1438643277.098307549 2.77024 -4.2461
1438643277.108174807 2.74539 -4.28447
1438643277.118005904 2.71218 -4.34312
1438643277.127921598 2.66879 -4.38576
1438643277.138170977 2.62379 -4.39365
1438643277.148074980 2.62274 -4.39624
1438643277.157970394 2.6547 -4.37796
1438643277.168202896 2.70974 -4.37572
1438643277.178111924 2.71579 -4.39225
1438643277.187973870 2.61341 -4.41617
1438643277.198310414 2.45966 -4.45746
1438643277.208171292 2.36325 -4.50919
1438643277.218044655 2.35605 -4.54767
1438643277.227903240 2.44724 -4.57904
1438643277.238210626 2.59881 -4.59852
1438643277.248018134 2.69656 -4.60553
1438643277.257911388 2.69533 -4.6067
1438643277.268202347 2.57693 -4.60103
1438643277.278110256 2.40821 -4.60496
1438643277.287947230 2.23859 -4.59788
1438643277.298321504 2.12863 -4.59223
1438643277.308112642 2.16911 -4.58257
1438643277.318030828 2.34993 -4.5685
1438643277.327918789 2.56429 -4.53491
1438643277.338280512 2.66437 -4.47147
1438643277.348144380 2.61378 -4.41245
1438643277.357999755 2.55027 -4.4163
1438643277.368218641 2.58341 -4.45648
1438643277.378187388 2.68921 -4.48557
1438643277.387996585 2.78961 -4.48095
1438643277.397903436 2.81409 -4.45104
1438643277.408146003 2.74326 -4.38984
1438643277.418072181 2.66038 -4.31743
1438643277.427953620 2.6345 -4.26942
1438643277.438274742 2.68815 -4.24178
1438643277.448153069 2.80486 -4.23377
1438643277.457950828 2.94225 -4.24463
1438643277.468262619 3.03373 -4.25936
1438643277.478195664 2.97817 -4.2595
1438643277.487965588 2.88299 -4.23892
1438643277.497868155 2.88278 -4.21177
1438643277.508172992 3.00266 -4.21951
1438643277.518010529 3.16237 -4.22145
1438643277.527922482 3.29584 -4.24458
1438643277.538261680 3.32051 -4.27751
1438643277.548136236 3.17852 -4.30705
1438643277.557944344 2.96682 -4.32124
1438643277.568316893 2.77793 -4.35172
1438643277.578149558 2.66693 -4.40589
1438643277.588011804 2.63567 -4.47418
1438643277.597891133 2.66533 -4.55538
1438643277.608143941 2.69533 -4.62661
1438643277.618088711 2.66392 -4.67502
1438643277.627948823 2.54269 -4.71272
1438643277.638257558 2.36618 -4.72917
1438643277.648157764 2.18701 -4.74182
1438643277.658020858 2.06419 -4.76391
1438643277.668314292 2.02778 -4.79961
1438643277.678191022 2.07447 -4.82946
1438643277.688056692 2.16993 -4.85727
1438643277.697944897 2.2569 -4.87778
1438643277.708226191 2.2693 -4.87979
1438643277.718041684 2.2007 -4.86262
1438643277.727954332 2.07032 -4.84337
1438643277.738253610 1.98151 -4.83209
1438643277.748107526 1.99765 -4.8299
1438643277.757996206 2.0984 -4.85505
1438643277.768255808 2.19684 -4.85046
1438643277.778168474 2.20021 -4.813
1438643277.788037120 2.1303 -4.74103
1438643277.797915940 2.038 -4.6682
1438643277.808168497 2.0756 -4.61595
1438643277.818082143 2.30965 -4.58248
1438643277.827894873 2.64753 -4.54001
1438643277.838241195 2.98441 -4.52137
1438643277.848123624 3.08009 -4.48294
1438643277.858010775 2.85706 -4.41126
1438643277.868275474 2.44544 -4.32615
1438643277.878167645 2.07928 -4.27981
1438643277.887979785 1.96336 -4.28305
1438643277.897889410 2.14881 -4.30595
1438643277.908197061 2.54152 -4.35167
1438643277.918047183 2.96673 -4.41609
1438643277.927959556 3.15514 -4.4869
1438643277.938215202 3.05533 -4.541
1438643277.948101075 2.86303 -4.5689
1438643277.958001973 2.70005 -4.59436
1438643277.968227579 2.70454 -4.63691
1438643277.978084018 2.8576 -4.67612
1438643277.987997415 3.0322 -4.72028
1438643277.997836228 3.09426 -4.74223
1438643278.008167035 2.96464 -4.75686
1438643278.018066193 2.72755 -4.7639
1438643278.027954391 2.57235 -4.79317
1438643278.038204822 2.56429 -4.83813
1438643278.048065966 2.68538 -4.89184
1438643278.057993841 2.8569 -4.90456
1438643278.067823087 2.96574 -4.92134
1438643278.078172169 2.95347 -4.91452
1438643278.088018200 2.78041 -4.89696
1438643278.097834205 2.54298 -4.85676
1438643278.108159445 2.35261 -4.81507
1438643278.118025742 2.35208 -4.79183
92
1438643275.632756898 511.2 8.3 53 1 0 0.002 0.018
1438643275.632763893 511.5 8.3 53 1 0 0.002 0.018
1438643275.632767493 511.8 8.3 53 1 0 0.002 0.018
1438643275.632771217 512.1 8.4 53 1 0 0.002 0.018
1438643275.632772944 512.4 8.4 53 1 0 0.002 0.018
1438643275.632783951 512.7 8.4 53 1 0 0.002 0.018
1438643275.632786031 513 8.4 53 1 0 0.002 0.018
1438643275.632787943 513.3 8.4 53 1 0 0.002 0.018
1438643275.632791349 513.3 8.4 53 1 0 0.002 0.018
1438643275.632795146 513.3 8.4 53 1 0 0.002 0.018
1438643275.640757907 513.3 8.4 53 1 0 0.002 0.018
1438643275.671347773 513.3 8.4 53 1 0 0.002 0.018
1438643275.701180146 513.3 8.4 53 1 0 0.002 0.018
1438643275.730760900 513.3 8.4 53 1 0 0.002 0.018
1438643275.761272418 513.4 8.4 53 1 0 0.002 0.018
1438643275.791051779 513.7 8.4 53 1 0 0.002 0.018
1438643275.820823356 514 8.4 53 1 0 0.002 0.018
1438643275.850461473 514.3 8.4 53 1 0 0.002 0.018
1438643275.884255390 514.6 8.5 53 1 0 0.002 0.018
1438643275.910838475 514.9 8.5 53 1 0 0.002 0.018
1438643275.943738271 515.2 8.5 53 1 0 0.002 0.018
1438643275.971321912 515.5 8.5 53 1 0 0.002 0.018
1438643276.003328541 515.8 8.5 53 1 0 0.002 0.018
1438643276.030813880 516.1 8.5 53 1 0 0.002 0.018
1438643276.063718394 516.4 8.5 53 1 0 0.002 0.018
1438643276.093601613 516.7 8.5 53 1 0 0.002 0.018
1438643276.123378149 516.9 8.5 53 1 0 0.002 0.018
1438643276.150901370 517.3 8.5 52.9 1 0 0.002 0.018
1438643276.184112850 517.6 8.6 52.9 1 0 0.002 0.018
1438643276.213968673 517.9 8.6 52.9 1 0 0.002 0.018
1438643276.246835361 518.2 8.6 52.9 1 0 0.002 0.018
1438643276.274052050 518.5 8.6 52.9 1 0 0.002 0.018
1438643276.303552484 518.8 8.6 52.9 1 0 0.002 0.018
1438643276.336545292 519.1 8.6 52.9 1 0 0.002 0.018
1438643276.370369999 519.4 8.6 52.9 1 0 0.002 0.018
1438643276.397051742 519.7 8.6 52.9 1 0 0.002 0.018
1438643276.430065379 520 8.6 52.9 1 0 0.002 0.018
1438643276.460034099 520.4 8.7 52.9 1 0 0.002 0.018
1438643276.489558685 520.7 8.7 52.9 1 0 0.002 0.018
1438643276.520267992 521 8.7 52.9 1 0 0.002 0.018
1438643276.553262871 521.2 8.7 52.9 1 0 0.002 0.018
1438643276.579950148 521.6 8.7 52.9 1 0 0.002 0.018
1438643276.613156207 521.9 8.7 52.9 1 0 0.002 0.018
1438643276.643002064 522.2 8.7 52.9 1 0 0.002 0.018
1438643276.672729037 522.5 8.7 52.9 1 0 0.002 0.018
1438643276.703353595 522.8 8.7 52.9 1 0 0.002 0.018
1438643276.732911264 523.1 8.8 52.9 1 0 0.002 0.018
1438643276.762805770 523.4 8.8 52.9 1 0 0.002 0.018
1438643276.792470826 523.7 8.8 52.9 1 0 0.002 0.018
1438643276.822988683 524 8.8 52.9 1 0 0.002 0.018
1438643276.855892803 524.3 8.8 52.9 1 0 0.002 0.018
1438643276.883219923 524.6 8.8 52.9 1 0 0.002 0.018
1438643276.916020278 524.9 8.8 52.9 1 0 0.002 0.018
1438643276.942402406 525.2 8.8 52.9 1 0 0.002 0.018
1438643276.973096713 525.5 8.8 52.9 1 0 0.002 0.018
1438643277.002427105 525.8 8.9 52.9 1 0 0.002 0.018
1438643277.035949846 526.1 8.9 52.9 1 0 0.002 0.018
1438643277.065332176 526.4 8.9 52.9 1 0 0.002 0.018
1438643277.099147377 526.7 8.9 52.8 1 0 0.002 0.018
1438643277.128693934 527 8.9 52.8 1 0 0.002 0.018
1438643277.159340557 527.3 8.9 52.8 1 0 0.002 0.018
1438643277.189126052 527.6 8.9 52.8 1 0 0.002 0.018
1438643277.218939829 527.9 8.9 52.8 1 0 0.002 0.018
1438643277.248579434 528.3 8.9 52.8 1 0 0.002 0.018
1438643277.279336896 528.5 9 52.8 1 0 0.002 0.018
1438643277.308898157 528.9 9 52.8 1 0 0.002 0.018
1438643277.339257059 529.1 9 52.8 1 0 0.002 0.018
1438643277.369060093 529.5 9 52.8 1 0 0.002 0.018
1438643277.398950836 529.7 9 52.8 1 0 0.002 0.018
1438643277.428681350 530 9 52.8 1 0 0.002 0.018
1438643277.459315730 530.3 9 52.8 1 0 0.002 0.018
1438643277.488675523 530.6 9 52.8 1 0 0.002 0.018
1438643277.519077857 530.9 9 52.8 1 0 0.002 0.018
1438643277.548612467 531.2 9.1 52.8 1 0 0.002 0.018
1438643277.581511870 531.5 9.1 52.8 1 0 0.002 0.018
1438643277.609196945 531.8 9.1 52.8 1 0 0.002 0.018
1438643277.641938363 532.2 9.1 52.8 1 0 0.002 0.018
1438643277.671725298 532.5 9.1 52.8 1 0 0.002 0.018
1438643277.705362259 532.8 9.1 52.8 1 0 0.002 0.018
1438643277.731862903 533.1 9.1 52.8 1 0 0.002 0.018
1438643277.764677893 533.4 9.1 52.8 1 0 0.002 0.018
1438643277.792218606 533.7 9.1 52.8 1 0 0.002 0.018
1438643277.825179664 534 9.2 52.8 1 0 0.002 0.018
1438643277.851951146 534.2 9.2 52.8 1 0 0.002 0.018
1438643277.881802647 534.5 9.2 52.8 1 0 0.002 0.018
1438643277.912124652 534.8 9.2 52.8 1 0 0.002 0.018
1438643277.945072018 535.1 9.2 52.8 1 0 0.002 0.018
1438643277.974718609 535.5 9.2 52.8 1 0 0.002 0.018
1438643278.007267996 535.8 9.2 52.8 1 0 0.002 0.018
1438643278.034536996 536.1 9.2 52.7 1 0 0.002 0.018
1438643278.068179870 536.4 9.2 52.7 1 0 0.002 0.018
1438643278.094500370 536.7 9.2 52.7 1 0 0.002 0.018
642.96 35.2719 12.3559 0.298886 -0.00333714 0.00645895 0.954261
627.065 62.5345 13.0231 0.191429 -0.000600631 -0.00625568 0.981486
257
1438643333.176328169 -3.04479 -3.25051
1438643333.176331971 -3.0448 -3.24933
1438643333.176334507 -3.04378 -3.24883
1438643333.176337767 -3.042 -3.25091
1438643333.176340487 -3.04107 -3.24918
1438643333.176346377 -3.04002 -3.2508
1438643333.176349155 -3.04017 -3.25081
1438643333.176353806 -3.03918 -3.24905
1438643333.176355681 -3.03909 -3.24916
1438643333.176372283 -3.03821 -3.25072
1438643333.178167354 -3.03918 -3.24905
1438643333.188062275 -3.03916 -3.24912
1438643333.197986858 -3.03828 -3.24957
1438643333.208246398 -3.03819 -3.24952
1438643333.218167266 -3.03826 -3.24964
1438643333.227994383 -3.03908 -3.25018
1438643333.237851090 -3.03918 -3.24905
1438643333.248185171 -3.03918 -3.24905
1438643333.258081665 -3.0382 -3.25063
1438643333.267897412 -3.03723 -3.25231
1438643333.278261048 -3.03818 -3.24848
1438643333.288078882 -3.03529 -3.24889
1438643333.297938459 -3.03251 -3.2504
1438643333.307882830 -3.03151 -3.24982
1438643333.318160144 -3.02877 -3.25025
1438643333.328002778 -3.02968 -3.24973
1438643333.337879974 -3.03067 -3.24919
1438643333.348186697 -3.03157 -3.24867
1438643333.358037511 -3.0353 -3.25
1438643333.367972402 -3.03819 -3.24952
1438643333.378272337 -3.03827 -3.25075
1438643333.388100434 -3.03719 -3.24895
1438643333.398015169 -3.03728 -3.249
1438643333.407876454 -3.0363 -3.25058
1438643333.418143722 -3.03728 -3.249
1438643333.428007412 -3.0382 -3.25063
1438643333.437891365 -3.03828 -3.25068
1438643333.448187891 -3.03916 -3.24912
1438643333.458119360 -3.0391 -3.25011
1438643333.467974867 -3.03918 -3.24905
1438643333.478260194 -3.03908 -3.25018
1438643333.488157832 -3.03719 -3.24895
1438643333.498063816 -3.03828 -3.25068
1438643333.507909305 -3.03918 -3.24905
1438643333.518176220 -3.0382 -3.25063
1438643333.528037396 -3.03916 -3.24912
1438643333.537903384 -3.03719 -3.24895
1438643333.548271757 -2.95246 -3.30108
1438643333.558163033 -2.74282 -3.42509
1438643333.568035666 -2.43902 -3.59485
1438643333.578268033 -2.01492 -3.81991
1438643333.588134558 -1.5483 -4.06311
1438643333.598051813 -1.04739 -4.32777
1438643333.607882781 -0.534496 -4.61589
1438643333.618184934 0.018106 -4.94173
1438643333.628046277 0.553255 -5.26696
1438643333.637933541 1.08263 -5.58208
1438643333.648241154 1.49196 -5.84045
1438643333.658117049 1.4707 -5.95476
1438643333.667964911 1.16086 -5.94019
1438643333.678296030 0.919881 -5.90169
1438643333.688158872 1.0128 -5.90405
1438643333.698002933 1.31908 -5.95483
1438643333.707863566 1.64623 -6.06787
1438643333.718205227 1.84656 -6.16623
1438643333.728040322 1.73011 -6.22578
1438643333.737953957 1.4291 -6.18371
1438643333.748223951 1.20324 -6.07612
1438643333.758083158 1.16805 -5.99198
1438643333.767974135 1.22406 -5.9336
1438643333.777870046 1.23861 -5.87427
1438643333.788134410 1.15866 -5.82583
1438643333.798055234 1.11338 -5.7886
1438643333.807915131 1.16758 -5.76532
1438643333.818181789 1.29193 -5.75192
1438643333.828095351 1.30978 -5.73646
1438643333.837911760 1.13472 -5.68173
1438643333.848294486 0.892004 -5.61594
1438643333.858169273 0.820361 -5.56304
1438643333.868019822 0.934842 -5.54291
1438643333.877879064 1.07717 -5.57759
1438643333.888143813 1.14721 -5.60019
1438643333.898076758 1.11147 -5.59738
1438643333.907957273 1.05698 -5.59415
1438643333.918241571 1.09699 -5.58593
1438643333.928063871 1.16904 -5.60505
1438643333.938004086 1.17514 -5.60799
1438643333.948272886 1.09808 -5.58721
1438643333.958176847 1.08464 -5.575
1438643333.967995236 1.20104 -5.60329
1438643333.977915364 1.37666 -5.69943
1438643333.988220431 1.52939 -5.79655
1438643333.998093672 1.5224 -5.82987
1438643334.007964797 1.35371 -5.81463
1438643334.018248771 1.15447 -5.75728
1438643334.028140483 1.09924 -5.70185
1438643334.038012835 1.20039 -5.69176
1438643334.048262947 1.34059 -5.73377
1438643334.058176372 1.4001 -5.76051
1438643334.067992450 1.3181 -5.75789
1438643334.077853470 1.14943 -5.72215
1438643334.088225415 1.06157 -5.66466
1438643334.098030489 1.10173 -5.63393
1438643334.107938562 1.19882 -5.64128
1438643334.118247323 1.29436 -5.66877
1438643334.128060175 1.37094 -5.70263
1438643334.138002893 1.45648 -5.74524
1438643334.148284034 1.50346 -5.78403
1438643334.158115892 1.46839 -5.78995
1438643334.167980574 1.35428 -5.75852
1438643334.177850231 1.26083 -5.71799
1438643334.188178305 1.2505 -5.70287
1438643334.198076697 1.34014 -5.69988
1438643334.207923864 1.42239 -5.7284
1438643334.218208655 1.44071 -5.7387
1438643334.228076923 1.42465 -5.74229
1438643334.237973235 1.43146 -5.75371
1438643334.247824383 1.45998 -5.76227
1438643334.258180181 1.43487 -5.75547
1438643334.268049183 1.30494 -5.73178
1438643334.277859727 1.15937 -5.69484
1438643334.288213831 1.08903 -5.66924
1438643334.298042154 1.11651 -5.66266
1438643334.307921975 1.17143 -5.65214
1438643334.318283190 1.22969 -5.64591
1438643334.328151352 1.29636 -5.66544
1438643334.338063225 1.37067 -5.70347
1438643334.347888623 1.44252 -5.75951
1438643334.358165912 1.44915 -5.79663
1438643334.368082362 1.33348 -5.78825
1438643334.377951812 1.20938 -5.75169
1438643334.388260807 1.19008 -5.71621
1438643334.398116173 1.25468 -5.69677
1438643334.407979374 1.27687 -5.69505
1438643334.418256547 1.24895 -5.66884
1438643334.428109491 1.20707 -5.62981
1438643334.438052214 1.18613 -5.59463
1438643334.447933818 1.17336 -5.58044
1438643334.458196270 1.13571 -5.56179
1438643334.468016839 1.06167 -5.54181
1438643334.477962837 0.956415 -5.51212
1438643334.488270660 0.818017 -5.4546
1438643334.498141950 0.722993 -5.40464
1438643334.507986887 0.754827 -5.36982
1438643334.518249861 0.87566 -5.43563
1438643334.528141815 1.03816 -5.54829
1438643334.538018750 1.12962 -5.63026
1438643334.547932940 1.08297 -5.6833
1438643334.558238540 0.981712 -5.69035
1438643334.568108351 0.948131 -5.6743
1438643334.577981315 0.995838 -5.67023
1438643334.588194258 1.04922 -5.68349
1438643334.598152884 1.05801 -5.68551
1438643334.608023662 1.0138 -5.67207
1438643334.618271480 0.988993 -5.65805
1438643334.628162914 1.01728 -5.63949
1438643334.638037503 1.07696 -5.64657
1438643334.647914547 1.11744 -5.67202
1438643334.658247711 1.12196 -5.67459
1438643334.668093258 1.10341 -5.66411
1438643334.677926767 1.10148 -5.65734
1438643334.688290752 1.09205 -5.6339
1438643334.698130491 1.04798 -5.59995
1438643334.707960498 1.02625 -5.5658
1438643334.717898550 1.04407 -5.57176
1438643334.728160444 1.07535 -5.60209
1438643334.738068982 1.07546 -5.60798
1438643334.747885461 1.03652 -5.59261
1438643334.758177033 0.983064 -5.57025
1438643334.768048326 0.912509 -5.5276
1438643334.777935152 0.867976 -5.48709
1438643334.788253904 0.903802 -5.48269
1438643334.798111235 0.929776 -5.50567
1438643334.807963114 0.967488 -5.53906
1438643334.817863294 0.99676 -5.56991
1438643334.828173194 0.992117 -5.58649
1438643334.838023685 0.993033 -5.59065
1438643334.847899181 1.01179 -5.59099
1438643334.858197111 1.02228 -5.58932
1438643334.868099893 0.982359 -5.57396
1438643334.878011091 0.900558 -5.53763
1438643334.887902736 0.820066 -5.49761
1438643334.898170346 0.813548 -5.46671
1438643334.907984247 0.848002 -5.4833
1438643334.917908841 0.890013 -5.51652
1438643334.928214956 0.868348 -5.53025
1438643334.938115003 0.787474 -5.52527
1438643334.947919771 0.744683 -5.51498
1438643334.958260294 0.740849 -5.49167
1438643334.968109034 0.721217 -5.45781
1438643334.978018072 0.663609 -5.41543
1438643334.987903694 0.609569 -5.36106
1438643334.998157478 0.600021 -5.32808
1438643335.008049607 0.633531 -5.33831
1438643335.017904505 0.694097 -5.37779
1438643335.028183046 0.774897 -5.43083
1438643335.038049960 0.832256 -5.47096
1438643335.047935747 0.806778 -5.47829
1438643335.058249104 0.72313 -5.4462
1438643335.068121989 0.695707 -5.40507
1438643335.077955492 0.728358 -5.40314
1438643335.087908969 0.754596 -5.41475
1438643335.098216489 0.729945 -5.41056
1438643335.108092578 0.656153 -5.38774
1438643335.117943506 0.63738 -5.35985
1438643335.128268047 0.719777 -5.39131
1438643335.138055528 0.82864 -5.45682
1438643335.147955722 0.922113 -5.51315
1438643335.157875186 0.971491 -5.56177
1438643335.168112853 0.999357 -5.59836
1438643335.178015064 1.0172 -5.61441
1438643335.187887102 1.04316 -5.61514
1438643335.198230295 1.03466 -5.59944
1438643335.208060880 1.00514 -5.58541
1438643335.217975345 0.976432 -5.56902
1438643335.228215280 0.988398 -5.55921
1438643335.238130948 1.05332 -5.57028
1438643335.247986185 1.10355 -5.5972
1438643335.257815083 1.12078 -5.61011
1438643335.268185090 1.0611 -5.593
1438643335.277998596 0.970904 -5.54472
1438643335.287886396 0.912871 -5.48924
1438643335.298260878 0.927977 -5.46228
1438643335.308102517 0.985865 -5.49662
1438643335.317911702 1.02537 -5.5266
1438643335.327798630 0.98765 -5.52284
1438643335.338098007 0.842868 -5.4848
1438643335.347953410 0.71012 -5.41005
1438643335.357908516 0.678598 -5.35132
1438643335.368146113 0.735647 -5.34346
1438643335.378017911 0.784186 -5.34988
1438643335.387937964 0.769837 -5.34486
1438643335.398267829 0.687772 -5.32736
1438643335.408111885 0.644375 -5.30279
1438643335.417973824 0.677849 -5.30683
1438643335.427876025 0.710429 -5.30644
1438643335.438125855 0.680423 -5.28959
1438643335.448050226 0.633416 -5.26981
1438643335.457868763 0.635623 -5.2656
1438643335.468188342 0.699315 -5.27523
1438643335.478064990 0.750412 -5.29076
1438643335.487973031 0.790858 -5.29842
1438643335.498264498 0.811263 -5.31037
1438643335.508150010 0.803301 -5.31964
1438643335.517992420 0.755459 -5.31664
1438643335.527832715 0.714087 -5.30388
1438643335.538156084 0.734216 -5.29175
1438643335.548055799 0.767755 -5.29917
1438643335.557934539 0.807943 -5.33274
1438643335.568205448 0.855294 -5.38071
1438643335.578113081 0.880208 -5.40851
1438643335.587986540 0.832656 -5.42258
1438643335.598309521 0.75151 -5.38945
1438643335.608140847 0.718382 -5.35811
1438643335.618004173 0.748585 -5.33542
1438643335.627915891 0.770456 -5.34876
1438643335.638140724 0.806241 -5.3669
92
1438643333.176328196 621.1 -1.9 52.8 0.595 -0.004 0 0.804
1438643333.176333211 621 -1.6 52.8 0.595 -0.004 0 0.804
1438643333.176338757 620.9 -1.3 52.8 0.595 -0.004 0 0.804
1438643333.176342635 620.8 -1.1 52.8 0.595 -0.004 0 0.804
1438643333.176345213 620.7 -0.8 52.8 0.595 -0.004 0 0.804
1438643333.176350661 620.7 -0.5 52.8 0.595 -0.004 0 0.804
1438643333.176353142 620.6 -0.3 52.8 0.595 -0.004 0 0.804
1438643333.176356842 620.6 -0.3 52.8 0.595 -0.004 0 0.804
1438643333.176374105 620.6 -0.3 52.8 0.595 -0.004 0 0.804
1438643333.176376416 620.6 -0.3 52.8 0.595 -0.004 0 0.804
1438643333.192681037 620.6 -0.3 52.8 0.595 -0.004 0 0.804
1438643333.225459139 620.6 -0.3 52.8 0.595 -0.004 0 0.804
1438643333.255976210 620.6 -0.3 52.8 0.595 -0.004 0 0.804
1438643333.288466224 620.6 -0.3 52.8 0.595 -0.005 0 0.804
1438643333.318973829 620.5 -0.1 52.8 0.595 -0.005 0 0.804
1438643333.348749634 620.5 0.1 52.8 0.595 -0.005 0 0.804
1438643333.376138280 620.4 0.5 52.8 0.595 -0.004 0 0.804
1438643333.408839304 620.3 0.7 52.8 0.595 -0.004 0 0.804
1438643333.436329347 620.2 1 52.8 0.595 -0.004 0 0.804
1438643333.471267248 620.1 1.3 52.8 0.595 -0.004 0 0.804
1438643333.501885155 620 1.6 52.8 0.595 -0.004 0 0.804
1438643333.532189367 619.9 1.9 52.8 0.595 -0.004 0 0.804
1438643333.561677949 619.9 2.2 52.8 0.595 -0.005 0 0.804
1438643333.592339221 619.8 2.4 52.8 0.595 -0.005 0 0.804
1438643333.621995518 619.7 2.7 52.8 0.595 -0.005 0 0.804
1438643333.654820225 619.6 3 52.8 0.595 -0.005 0 0.804
1438643333.682256377 619.5 3.3 52.8 0.595 -0.005 0 0.804
1438643333.711895013 619.4 3.6 52.7 0.595 -0.005 0 0.804
1438643333.741504547 619.3 3.9 52.7 0.595 -0.004 0 0.804
1438643333.772074576 619.2 4.2 52.7 0.595 -0.004 0 0.804
1438643333.801841574 619.1 4.5 52.7 0.595 -0.004 0 0.804
1438643333.834804332 619.1 4.8 52.7 0.595 -0.004 0 0.804
1438643333.861401211 619 5.1 52.7 0.595 -0.004 0 0.804
1438643333.892047512 618.9 5.3 52.7 0.595 -0.004 0 0.804
1438643333.921797203 618.8 5.6 52.7 0.595 -0.004 0 0.804
1438643333.954824832 618.7 5.9 52.7 0.595 -0.004 0 0.804
1438643333.984485387 618.6 6.2 52.7 0.595 -0.004 0 0.804
1438643334.015299678 618.5 6.5 52.7 0.595 -0.004 0 0.804
1438643334.045163360 618.4 6.8 52.7 0.595 -0.004 0 0.804
1438643334.077854696 618.4 7.1 52.7 0.595 -0.004 0 0.804
1438643334.104600963 618.3 7.4 52.7 0.595 -0.004 0 0.804
1438643334.137646850 618.2 7.6 52.7 0.595 -0.004 0 0.804
1438643334.165223305 618.1 8 52.7 0.595 -0.004 0 0.804
1438643334.197706149 618 8.2 52.7 0.595 -0.004 0 0.804
1438643334.225156301 617.9 8.5 52.7 0.595 -0.005 0 0.804
1438643334.257833234 617.8 8.8 52.7 0.595 -0.005 0 0.804
1438643334.285274054 617.7 9.1 52.7 0.595 -0.004 0 0.804
1438643334.318016795 617.7 9.4 52.7 0.595 -0.004 0 0.804
1438643334.345338602 617.6 9.7 52.7 0.595 -0.005 0 0.804
1438643334.377787092 617.5 10 52.6 0.595 -0.004 0 0.804
1438643334.404988844 617.4 10.3 52.6 0.595 -0.004 0 0.804
1438643334.437304740 617.3 10.5 52.6 0.595 -0.004 0 0.804
1438643334.467612099 617.2 10.9 52.6 0.595 -0.004 0 0.804
1438643334.497977312 617.1 11.2 52.6 0.595 -0.004 0 0.804
1438643334.528281167 617 11.4 52.6 0.595 -0.004 0 0.804
1438643334.557612229 617 11.7 52.6 0.595 -0.004 0 0.804
1438643334.587976508 616.9 12 52.6 0.595 -0.004 0 0.804
1438643334.618267758 616.8 12.3 52.6 0.595 -0.004 0 0.804
1438643334.647731698 616.7 12.6 52.6 0.595 -0.004 0 0.804
1438643334.678284863 616.6 12.9 52.6 0.595 -0.004 0 0.804
1438643334.707801512 616.5 13.2 52.6 0.595 -0.004 0 0.804
1438643334.740502968 616.4 13.5 52.6 0.595 -0.004 0 0.804
1438643334.767756903 616.3 13.8 52.6 0.595 -0.004 0 0.804
1438643334.800568799 616.2 14 52.6 0.595 -0.004 0 0.804
1438643334.828176972 616.2 14.3 52.6 0.595 -0.004 0 0.804
1438643334.860888916 616.1 14.6 52.6 0.595 -0.004 0 0.804
1438643334.888259213 616 14.9 52.6 0.595 -0.004 0 0.804
1438643334.920887557 615.9 15.2 52.6 0.595 -0.004 0 0.804
1438643334.948291431 615.8 15.5 52.6 0.595 -0.004 0 0.804
1438643334.980825567 615.7 15.8 52.6 0.595 -0.004 0 0.804
1438643335.011147873 615.6 16.1 52.5 0.595 -0.004 0 0.804
1438643335.040639404 615.5 16.3 52.6 0.595 -0.004 0 0.804
1438643335.071081137 615.4 16.7 52.5 0.595 -0.004 0 0.804
1438643335.103590706 615.4 16.9 52.5 0.595 -0.004 0 0.804
1438643335.130873064 615.3 17.2 52.5 0.595 -0.004 0 0.804
1438643335.163520567 615.2 17.5 52.5 0.595 -0.005 0 0.804
1438643335.190749016 615.1 17.8 52.5 0.595 -0.004 0 0.804
1438643335.221020351 615 18 52.5 0.595 -0.004 0 0.804
1438643335.250462933 614.9 18.3 52.5 0.595 -0.004 0 0.804
1438643335.281009878 614.8 18.6 52.5 0.595 -0.004 0 0.804
1438643335.313658679 614.7 19 52.5 0.595 -0.004 0 0.804
1438643335.344064806 614.7 19.2 52.5 0.595 -0.004 0 0.804
1438643335.373524691 614.6 19.6 52.5 0.595 -0.004 0 0.804
1438643335.404252271 614.5 19.8 52.5 0.595 -0.004 0 0.804
1438643335.433926101 614.4 20.1 52.5 0.595 -0.004 0 0.804
1438643335.466583181 614.3 20.4 52.5 0.595 -0.004 0 0.804
1438643335.494159084 614.2 20.7 52.5 0.595 -0.004 0 0.804
1438643335.526778043 614.1 21 52.5 0.595 -0.004 0 0.804
1438643335.554200191 614 21.3 52.5 0.595 -0.004 0 0.804
1438643335.587336198 614 21.5 52.5 0.595 -0.004 0 0.804
1438643335.613968583 613.9 21.9 52.5 0.595 -0.004 0 0.804
1438643335.646863603 613.8 22.1 52.5 0.595 -0.004 0 0.804
626.948 62.5708 12.9186 0.19149 0.000677106 -0.00640868 0.981473
621.43 48.8792 12.5651 0.315831 -0.000810835 0.000299235 0.948815
258
1438643401.066584823 -3.03963 -3.25352
1438643401.066587283 -3.03961 -3.25359
1438643401.066588836 -3.03865 -3.2551
1438643401.066590084 -3.0378 -3.25342
1438643401.066592005 -3.03671 -3.2528
1438643401.066595121 -3.03391 -3.25438
1438643401.066600658 -3.03303 -3.25482
1438643401.066602603 -3.03391 -3.25438
1438643401.066609677 -3.03393 -3.25431
1438643401.066613034 -3.03203 -3.25425
1438643401.072313279 -3.03203 -3.25425
1438643401.082195560 -3.03203 -3.25425
1438643401.092036069 -3.03203 -3.25425
1438643401.102347776 -3.03113 -3.25477
1438643401.112205556 -3.03203 -3.25425
1438643401.122092846 -3.03203 -3.25425
1438643401.131979056 -3.03012 -3.25308
1438643401.142266923 -3.03014 -3.25635
1438643401.152148080 -3.03102 -3.25256
1438643401.162012309 -3.03113 -3.25477
1438643401.172296426 -3.02725 -3.25454
1438643401.182195306 -3.02536 -3.2556
1438643401.192063447 -3.02253 -3.25374
1438643401.202341040 -3.02356 -3.25108
1438643401.212324904 -3.02448 -3.25271
1438643401.222099725 -3.02451 -3.25273
1438643401.231968727 -3.02824 -3.25407
1438643401.242338336 -3.02924 -3.25464
1438643401.252146131 -3.03114 -3.2547
1438643401.262051913 -3.03019 -3.25304
1438643401.272289345 -3.03014 -3.25412
1438643401.282184340 -3.03019 -3.25304
1438643401.292066206 -3.02924 -3.25464
1438643401.302406480 -3.03202 -3.25314
1438643401.312250324 -3.03303 -3.25482
1438643401.322117060 -3.03105 -3.25583
1438643401.331992480 -3.03203 -3.25425
1438643401.342292979 -3.03203 -3.25425
1438643401.352147508 -3.03202 -3.25314
1438643401.362076667 -3.03102 -3.25256
1438643401.372362293 -3.03203 -3.25425
1438643401.382237344 -3.03202 -3.25314
1438643401.392105020 -3.03292 -3.25262
1438643401.402379482 -3.03202 -3.25314
1438643401.412230433 -3.03014 -3.25412
1438643401.422107373 -3.03113 -3.25477
1438643401.431976489 -3.03203 -3.25425
1438643401.442288581 -3.03113 -3.25477
1438643401.452141051 -3.03104 -3.25249
1438643401.462051232 -3.03103 -3.25368
1438643401.472309889 -2.98117 -3.2669
1438643401.482200432 -2.75862 -3.32771
1438643401.492072122 -2.42506 -3.40998
1438643401.501966354 -1.96469 -3.51059
1438643401.512240351 -1.38941 -3.62717
1438643401.522104474 -0.782008 -3.72457
1438643401.531978295 -0.201077 -3.76939
1438643401.542282065 0.057645 -3.72932
1438643401.552148684 -0.074541 -3.67568
1438643401.562070831 -0.236663 -3.62248
1438643401.572362181 -0.159822 -3.60693
1438643401.582233533 0.121989 -3.62431
1438643401.592042892 0.393905 -3.62274
1438643401.601943737 0.389781 -3.58258
1438643401.612275102 0.242155 -3.5421
1438643401.622101039 0.250215 -3.52619
1438643401.632011202 0.475356 -3.53029
1438643401.642290987 0.775314 -3.54239
1438643401.652154747 0.868545 -3.52383
1438643401.662036811 0.626164 -3.49007
1438643401.672321461 0.278031 -3.46234
1438643401.682240283 0.167242 -3.45635
1438643401.692057472 0.335614 -3.46092
1438643401.702359789 0.630472 -3.46755
1438643401.712292824 0.714157 -3.46284
1438643401.722127639 0.532545 -3.4423
1438643401.732054343 0.314902 -3.41045
1438643401.742294218 0.301453 -3.39428
1438643401.752171088 0.488171 -3.37644
1438643401.762049060 0.612536 -3.37226
1438643401.772329923 0.485302 -3.39101
1438643401.782234196 0.273851 -3.40543
1438643401.792086285 0.234297 -3.42101
1438643401.801941744 0.398337 -3.43758
1438643401.812316335 0.616705 -3.44144
1438643401.822141952 0.643161 -3.42814
1438643401.831997891 0.453669 -3.41118
1438643401.842333470 0.312327 -3.40207
1438643401.852182975 0.382808 -3.41306
1438643401.862048302 0.55345 -3.43068
1438643401.872331347 0.598433 -3.43874
1438643401.882242815 0.474253 -3.43739
1438643401.892080774 0.33701 -3.43721
1438643401.902005825 0.343903 -3.44438
1438643401.912304785 0.505771 -3.45951
1438643401.922127360 0.660439 -3.4647
1438643401.931993511 0.639128 -3.44342
1438643401.942342857 0.469983 -3.41405
1438643401.952216612 0.355632 -3.40373
1438643401.962092816 0.367617 -3.40281
1438643401.972390159 0.430307 -3.41192
1438643401.982251222 0.441436 -3.42165
1438643401.992126933 0.401463 -3.43596
1438643402.001996483 0.351381 -3.45083
1438643402.012297418 0.370537 -3.46565
1438643402.022136184 0.448008 -3.47476
1438643402.032036399 0.500192 -3.47743
1438643402.042298779 0.48691 -3.45988
1438643402.052192822 0.451573 -3.43793
1438643402.062034616 0.441587 -3.42476
1438643402.072337294 0.45663 -3.40993
1438643402.082197720 0.466654 -3.40329
1438643402.092096812 0.446916 -3.40255
1438643402.102011094 0.424796 -3.4089
1438643402.112222976 0.439532 -3.42387
1438643402.122150931 0.451941 -3.43502
1438643402.132012445 0.446836 -3.43326
1438643402.142333282 0.476256 -3.4104
1438643402.152171710 0.545244 -3.3837
1438643402.162030375 0.633775 -3.35953
1438643402.172347933 0.658068 -3.3458
1438643402.182244254 0.577406 -3.33947
1438643402.192073966 0.474 -3.34542
1438643402.201914260 0.424927 -3.36161
1438643402.212242706 0.441233 -3.37925
1438643402.222117427 0.492214 -3.39571
1438643402.231975622 0.473068 -3.40186
1438643402.242337230 0.375423 -3.40593
1438643402.252171070 0.31024 -3.41359
1438643402.262042665 0.33339 -3.42469
1438643402.271935952 0.441103 -3.43224
1438643402.282199039 0.536628 -3.4224
1438643402.292120680 0.546546 -3.39001
1438643402.302014128 0.548576 -3.35762
1438643402.312255546 0.553026 -3.34338
1438643402.322155792 0.570645 -3.33484
1438643402.332028696 0.571817 -3.34234
1438643402.342354615 0.543231 -3.35248
1438643402.352174561 0.53069 -3.36549
1438643402.362090811 0.563775 -3.37229
1438643402.372370997 0.626397 -3.37857
1438643402.382235374 0.72833 -3.37697
1438643402.392160755 0.794248 -3.3692
1438643402.402053391 0.762999 -3.35252
1438643402.412324500 0.720004 -3.34814
1438643402.422223106 0.709049 -3.33736
1438643402.432093547 0.755943 -3.33139
1438643402.442306626 0.830119 -3.31555
1438643402.452208675 0.830793 -3.28783
1438643402.462138845 0.7776 -3.25975
1438643402.471951314 0.744698 -3.24657
1438643402.482290456 0.795308 -3.236
1438643402.492147931 0.858169 -3.2095
1438643402.501998314 0.873903 -3.16304
1438643402.512333884 0.864617 -3.12191
1438643402.522220663 0.869635 -3.09297
1438643402.532063949 0.904171 -3.07956
1438643402.542386364 0.943934 -3.07378
1438643402.552223575 0.926109 -3.0717
1438643402.562117568 0.85623 -3.07911
1438643402.571955574 0.787066 -3.09549
1438643402.582268270 0.732232 -3.1297
1438643402.592162829 0.709905 -3.17217
1438643402.602091710 0.697628 -3.20815
1438643402.612297757 0.65741 -3.22555
1438643402.622200741 0.614172 -3.23896
1438643402.632062812 0.582701 -3.25442
1438643402.642377580 0.53689 -3.27376
1438643402.652231474 0.526392 -3.29219
1438643402.662128217 0.584314 -3.30674
1438643402.671989913 0.690247 -3.31332
1438643402.682291192 0.773232 -3.30855
1438643402.692175701 0.736708 -3.30029
1438643402.702106079 0.600197 -3.29214
1438643402.712321989 0.492605 -3.29295
1438643402.722187333 0.536538 -3.2987
1438643402.732065846 0.695268 -3.31142
1438643402.741969515 0.833566 -3.31338
1438643402.752265709 0.850538 -3.29885
1438643402.762130721 0.813654 -3.2792
1438643402.772004883 0.815512 -3.25779
1438643402.782300656 0.83485 -3.22642
1438643402.792205871 0.827982 -3.1931
1438643402.802043764 0.81278 -3.16505
1438643402.812351605 0.811099 -3.14552
1438643402.822238030 0.837416 -3.13263
1438643402.832112413 0.849654 -3.11796
1438643402.841991034 0.848909 -3.10265
1438643402.852287291 0.866469 -3.09144
1438643402.862163569 0.861967 -3.08376
1438643402.872026515 0.841726 -3.07988
1438643402.882319393 0.805331 -3.06766
1438643402.892262831 0.74562 -3.05461
1438643402.902059576 0.68849 -3.05026
1438643402.912380370 0.691941 -3.04439
1438643402.922255383 0.736521 -3.03451
1438643402.932110501 0.7498 -3.02729
1438643402.941987568 0.733625 -3.02594
1438643402.952300105 0.714463 -3.03378
1438643402.962186621 0.703932 -3.04214
1438643402.972041165 0.734081 -3.0439
1438643402.982346941 0.811252 -3.04731
1438643402.992238167 0.891234 -3.04917
1438643403.002126463 0.913376 -3.0536
1438643403.012359108 0.861137 -3.05502
1438643403.022253604 0.784688 -3.05192
1438643403.032118726 0.729279 -3.04428
1438643403.041991389 0.780176 -3.02481
1438643403.052315232 0.925901 -2.99598
1438643403.062194822 1.01855 -2.98565
1438643403.072051928 0.996562 -3.00289
1438643403.082350701 0.858987 -3.04023
1438643403.092252643 0.722246 -3.07893
1438643403.102117797 0.673568 -3.09769
1438643403.112022890 0.724599 -3.09005
1438643403.122287113 0.852011 -3.06992
1438643403.132162624 0.905863 -3.04533
1438643403.142066252 0.863317 -3.01925
1438643403.152306000 0.820952 -2.99894
1438643403.162169949 0.841803 -2.98195
1438643403.172044274 0.921456 -2.95985
1438643403.182335753 1.02563 -2.93619
1438643403.192197515 1.05852 -2.92237
1438643403.202100964 0.995498 -2.92616
1438643403.211981253 0.882676 -2.9306
1438643403.222258182 0.823073 -2.93417
1438643403.232156465 0.857929 -2.92622
1438643403.242017273 0.948198 -2.90406
1438643403.252318772 1.01021 -2.87096
1438643403.262205935 0.967673 -2.85172
1438643403.272079211 0.861839 -2.85096
1438643403.282361901 0.767709 -2.8589
1438643403.292252251 0.743498 -2.8659
1438643403.302090269 0.798947 -2.86455
1438643403.312057337 0.847292 -2.86537
1438643403.322297828 0.850845 -2.86842
1438643403.332155978 0.814275 -2.87671
1438643403.342067009 0.754984 -2.8906
1438643403.352401066 0.753314 -2.90697
1438643403.362268854 0.836393 -2.91714
1438643403.372122873 0.906756 -2.92557
1438643403.381993008 0.895341 -2.94596
1438643403.392261284 0.846945 -2.9505
1438643403.402199733 0.847064 -2.95521
1438643403.412074049 0.942043 -2.95816
1438643403.422302111 1.08018 -2.95625
1438643403.432204008 1.12519 -2.94834
1438643403.442084858 1.05383 -2.93938
1438643403.452344283 1.02019 -2.92583
1438643403.462205699 1.05131 -2.91964
1438643403.472122385 1.09086 -2.91915
1438643403.481988559 1.05295 -2.93617
1438643403.492307234 0.943691 -2.96694
1438643403.502167877 0.858059 -2.99199
1438643403.512044738 0.843496 -3.00832
1438643403.522372416 0.914936 -3.01447
1438643403.532185106 1.00683 -3.00448
1438643403.542115554 1.07121 -2.98743
92
1438643401.066590336 589.9 -40 51.6 0.348 0.002 0 0.937
1438643401.066594362 589.7 -39.8 51.6 0.348 0.002 0 0.937
1438643401.066596366 589.5 -39.6 51.6 0.348 0.002 0 0.937
1438643401.066599556 589.2 -39.4 51.6 0.348 0.002 0 0.937
1438643401.066602356 589 -39.2 51.6 0.348 0.002 0 0.937
1438643401.066605797 588.8 -39 51.6 0.348 0.002 0 0.937
1438643401.066607847 588.5 -38.8 51.6 0.348 0.002 0 0.937
1438643401.066610050 588.4 -38.7 51.6 0.348 0.002 0 0.937
1438643401.066611577 588.4 -38.7 51.6 0.348 0.002 0 0.937
1438643401.066613208 588.4 -38.7 51.6 0.348 0.002 0 0.937
1438643401.073291671 588.4 -38.7 51.6 0.348 0.002 0 0.937
1438643401.107005643 588.4 -38.7 51.6 0.348 0.002 0 0.937
1438643401.139682792 588.4 -38.7 51.6 0.348 0.002 0 0.937
1438643401.167079902 588.4 -38.7 51.6 0.348 0.002 0 0.937
1438643401.196405723 588.3 -38.6 51.6 0.348 0.002 0 0.937
1438643401.226741026 588.1 -38.4 51.6 0.348 0.002 0 0.937
1438643401.262572389 587.8 -38.2 51.6 0.348 0.002 0 0.937
1438643401.290211648 587.6 -38 51.6 0.348 0.002 0 0.937
1438643401.322992117 587.4 -37.8 51.6 0.348 0.002 0 0.937
1438643401.349346266 587.1 -37.6 51.6 0.348 0.002 0 0.937
1438643401.383215495 586.9 -37.4 51.6 0.348 0.002 0 0.937
1438643401.409627851 586.7 -37.3 51.6 0.348 0.002 0 0.937
1438643401.440358780 586.5 -37.1 51.6 0.348 0.002 0 0.937
1438643401.469984376 586.2 -36.9 51.6 0.348 0.002 0 0.937
1438643401.499632023 586 -36.7 51.6 0.348 0.002 0 0.937
1438643401.530274920 585.8 -36.5 51.6 0.348 0.002 0 0.937
1438643401.559773938 585.6 -36.3 51.6 0.348 0.002 0 0.937
1438643401.590214950 585.4 -36 51.6 0.348 0.002 0 0.937
1438643401.619801650 585.1 -35.9 51.6 0.348 0.002 0 0.937
1438643401.649674503 584.9 -35.7 51.6 0.348 0.002 0 0.937
1438643401.682444163 584.7 -35.5 51.6 0.348 0.002 0 0.937
1438643401.709979064 584.4 -35.3 51.6 0.348 0.002 0 0.937
1438643401.742606545 584.2 -35.1 51.6 0.348 0.002 0 0.937
1438643401.770266474 584 -34.9 51.7 0.348 0.002 0 0.937
1438643401.803161765 583.8 -34.7 51.6 0.348 0.002 0 0.937
1438643401.832647480 583.5 -34.5 51.7 0.348 0.002 0 0.937
1438643401.862448221 583.3 -34.3 51.7 0.348 0.002 0 0.937
1438643401.889931472 583.1 -34.1 51.7 0.348 0.002 0 0.937
1438643401.922743407 582.8 -33.9 51.7 0.348 0.002 0 0.937
1438643401.950329792 582.6 -33.7 51.7 0.348 0.002 0 0.937
1438643401.983116461 582.4 -33.5 51.7 0.348 0.002 0 0.937
1438643402.012626398 582.1 -33.3 51.7 0.348 0.002 0 0.937
1438643402.045340800 581.9 -33.1 51.7 0.348 0.002 0 0.937
1438643402.072730566 581.7 -32.9 51.7 0.348 0.002 0 0.937
1438643402.106138478 581.5 -32.7 51.7 0.348 0.002 0 0.937
1438643402.132664770 581.2 -32.5 51.7 0.348 0.002 0 0.937
1438643402.166294627 581 -32.3 51.7 0.348 0.002 0 0.937
1438643402.192422159 580.8 -32.1 51.7 0.348 0.002 0 0.937
1438643402.225856908 580.6 -31.9 51.7 0.348 0.002 0 0.937
1438643402.252977405 580.3 -31.7 51.7 0.348 0.002 0 0.937
1438643402.285435646 580.1 -31.5 51.7 0.348 0.002 0 0.937
1438643402.312528355 579.9 -31.3 51.7 0.348 0.002 0 0.937
1438643402.345632228 579.6 -31.1 51.7 0.348 0.002 0 0.937
1438643402.373106157 579.4 -30.9 51.7 0.348 0.002 0 0.937
1438643402.405514264 579.2 -30.7 51.7 0.348 0.002 0 0.937
1438643402.435836513 578.9 -30.5 51.7 0.348 0.002 0 0.937
1438643402.466253987 578.7 -30.3 51.7 0.348 0.002 0 0.937
1438643402.495930270 578.5 -30.1 51.7 0.348 0.002 0 0.937
1438643402.528771460 578.3 -29.9 51.7 0.348 0.002 0 0.937
1438643402.556266113 578 -29.7 51.7 0.348 0.002 0 0.937
1438643402.589224749 577.8 -29.5 51.7 0.348 0.002 0 0.937
1438643402.615543796 577.6 -29.3 51.7 0.348 0.002 0 0.937
1438643402.648598729 577.4 -29.1 51.7 0.348 0.002 0 0.937
1438643402.676316103 577.1 -28.9 51.7 0.348 0.002 0 0.937
1438643402.709305162 576.9 -28.8 51.7 0.348 0.002 0 0.937
1438643402.735719902 576.6 -28.5 51.7 0.348 0.002 0 0.937
1438643402.769276191 576.4 -28.4 51.7 0.348 0.002 0 0.937
1438643402.798600067 576.2 -28.1 51.7 0.348 0.002 0 0.937
1438643402.828906269 576 -27.9 51.7 0.348 0.002 0 0.937
1438643402.859276457 575.7 -27.7 51.7 0.348 0.002 0 0.937
1438643402.891750506 575.5 -27.5 51.7 0.348 0.002 0 0.937
1438643402.918992849 575.3 -27.3 51.7 0.348 0.002 0 0.937
1438643402.951349399 575.1 -27.2 51.7 0.348 0.002 0 0.937
1438643402.981712629 574.8 -27 51.7 0.348 0.002 0 0.937
1438643403.012008387 574.6 -26.8 51.7 0.348 0.002 0 0.937
1438643403.039178243 574.4 -26.6 51.7 0.348 0.002 0 0.937
1438643403.071650111 574.2 -26.4 51.7 0.348 0.002 0 0.937
1438643403.098854904 573.9 -26.2 51.7 0.348 0.002 0 0.937
1438643403.132213103 573.7 -26 51.7 0.348 0.002 0 0.937
1438643403.161431378 573.5 -25.8 51.8 0.348 0.002 0 0.937
1438643403.192126538 573.2 -25.6 51.8 0.348 0.002 0 0.937
1438643403.221840426 573 -25.4 51.7 0.348 0.002 0 0.937
1438643403.254706936 572.8 -25.2 51.8 0.348 0.002 0 0.937
1438643403.282106111 572.5 -25 51.8 0.348 0.002 0 0.937
1438643403.315106996 572.3 -24.8 51.8 0.348 0.002 0 0.937
1438643403.342038630 572.1 -24.6 51.8 0.348 0.002 0 0.937
1438643403.374984122 571.9 -24.4 51.8 0.348 0.002 0 0.937
1438643403.401354927 571.6 -24.2 51.8 0.348 0.002 0 0.937
1438643403.434922586 571.4 -24 51.8 0.348 0.002 0 0.937
1438643403.462130669 571.2 -23.8 51.8 0.348 0.002 0 0.937
1438643403.494933439 570.9 -23.6 51.8 0.348 0.002 0 0.937
1438643403.521389337 570.7 -23.4 51.8 0.348 0.002 0 0.937
621.485 48.8036 12.7088 0.315921 -0.00171106 6.7262e-05 0.948784
602.155 45.2784 13.0676 0.384322 -0.00274889 -0.00761078 0.923164
256
1438643655.544057146 -3.04219 -3.25467
1438643655.544059721 -3.04309 -3.25415
1438643655.544062625 -3.04129 -3.2563
1438643655.544065267 -3.0393 -3.25397
1438643655.544068029 -3.0384 -3.25449
1438643655.544070147 -3.0384 -3.25449
1438643655.544074304 -3.0384 -3.25449
1438643655.544076598 -3.0384 -3.25449
1438643655.544097698 -3.0375 -3.25501
1438643655.544099719 -3.0384 -3.25449
1438643655.549796151 -3.0375 -3.25501
1438643655.559594525 -3.0375 -3.25612
1438643655.569489235 -3.0375 -3.25501
1438643655.579885155 -3.03641 -3.25439
1438643655.589670959 -3.03642 -3.2555
1438643655.599569216 -3.0375 -3.25612
1438643655.609814855 -3.0374 -3.25392
1438643655.619693636 -3.03174 -3.25577
1438643655.629627437 -3.03739 -3.2528
1438643655.639926336 -3.03463 -3.25647
1438643655.649760319 -3.03081 -3.2542
1438643655.659638062 -3.03079 -3.25411
1438643655.669502351 -3.0289 -3.25398
1438643655.679798745 -3.02983 -3.25578
1438643655.689692311 -3.0318 -3.2558
1438643655.699588302 -3.03179 -3.25468
1438643655.709836281 -3.0337 -3.25585
1438643655.719780976 -3.03459 -3.25438
1438643655.729635337 -3.0356 -3.25496
1438643655.739888530 -3.03656 -3.25439
1438643655.749806413 -3.03553 -3.25483
1438643655.759671078 -3.03468 -3.25427
1438643655.769506465 -3.03453 -3.25537
1438643655.779822650 -3.0365 -3.25444
1438643655.789720056 -3.03642 -3.2555
1438643655.799541437 -3.03651 -3.25437
1438643655.809893200 -3.0365 -3.25444
1438643655.819737378 -3.00299 -3.23153
1438643655.829584229 -2.86172 -3.13703
1438643655.839943667 -2.63727 -2.97838
1438643655.849828262 -2.33441 -2.76881
1438643655.859625364 -1.97225 -2.51636
1438643655.869515455 -1.54827 -2.22886
1438643655.879854809 -1.06923 -1.92223
1438643655.889743075 -0.586469 -1.6249
1438643655.899589732 -0.089719 -1.32422
1438643655.909916556 0.424205 -1.00835
1438643655.919744270 0.92156 -0.720132
1438643655.929617489 1.40833 -0.440137
1438643655.939964506 1.89455 -0.176507
1438643655.949836721 2.25918 -0.118934
1438643655.959642341 2.18914 -0.300699
1438643655.969512910 1.72113 -0.640976
1438643655.979806317 1.13657 -0.995694
1438643655.989694957 0.798704 -1.22194
1438643655.999603555 0.757572 -1.274
1438643656.009920947 0.866823 -1.24775
1438643656.019756747 1.08932 -1.14724
1438643656.029653393 1.40139 -0.98685
1438643656.039466606 1.72973 -0.862851
1438643656.049827290 1.83544 -0.869266
1438643656.059646815 1.64525 -1.01997
1438643656.069524101 1.29289 -1.19911
1438643656.079867747 0.92883 -1.33874
1438643656.089763312 0.774878 -1.4042
1438643656.099668687 0.879371 -1.4196
1438643656.109946189 1.1239 -1.34967
1438643656.119773983 1.42215 -1.19953
1438643656.129653737 1.74111 -1.06422
1438643656.139538946 1.8312 -1.06537
1438643656.149855398 1.56676 -1.20778
1438643656.159672622 1.18346 -1.34274
1438643656.169523947 0.94545 -1.40069
1438643656.179900150 0.989045 -1.41538
1438643656.189774032 1.21691 -1.37267
1438643656.199617797 1.49545 -1.22694
1438643656.209939607 1.82092 -1.064
1438643656.219763181 1.98964 -1.00244
1438643656.229623401 1.88817 -1.0685
1438643656.239494450 1.60088 -1.1913
1438643656.249866608 1.29829 -1.25296
1438643656.259703390 1.17622 -1.22634
1438643656.269541795 1.24385 -1.18561
1438643656.279838158 1.47195 -1.12797
1438643656.289722686 1.69466 -1.08588
1438643656.299660356 1.7211 -1.06853
1438643656.309958742 1.49899 -1.11884
1438643656.319779606 1.25326 -1.20363
1438643656.329632607 1.15426 -1.28362
1438643656.339556288 1.22948 -1.32697
1438643656.349811804 1.43787 -1.30425
1438643656.359746462 1.62673 -1.24289
1438643656.369617004 1.69552 -1.22419
1438643656.379834771 1.57715 -1.26071
1438643656.389796290 1.3947 -1.31622
1438643656.399641385 1.23704 -1.33054
1438643656.409884022 1.13541 -1.31905
1438643656.419836082 1.13201 -1.29962
1438643656.429667497 1.18067 -1.28463
1438643656.439499617 1.22911 -1.2654
1438643656.449817410 1.21478 -1.25751
1438643656.459732335 1.15411 -1.24865
1438643656.469546587 1.10279 -1.23021
1438643656.479883199 1.12306 -1.21548
1438643656.489720510 1.23911 -1.17635
1438643656.499646460 1.38529 -1.13531
1438643656.509505743 1.45164 -1.10707
1438643656.519760035 1.43954 -1.08011
1438643656.529684559 1.40198 -1.05258
1438643656.539498993 1.39037 -1.01086
1438643656.549863388 1.42028 -0.977082
1438643656.559734292 1.44812 -0.966402
1438643656.569612343 1.41276 -0.997191
1438643656.579863691 1.30263 -1.0497
1438643656.589776540 1.20194 -1.07994
1438643656.599661270 1.13034 -1.10897
1438643656.609494964 1.09835 -1.12338
1438643656.619825161 1.16072 -1.11061
1438643656.629657713 1.28865 -1.10866
1438643656.639570010 1.41499 -1.11661
1438643656.649843339 1.43108 -1.11524
1438643656.659742735 1.34055 -1.1132
1438643656.669541716 1.26693 -1.10511
1438643656.679885136 1.2836 -1.06806
1438643656.689768588 1.34297 -1.02276
1438643656.699605876 1.40082 -0.989381
1438643656.709522862 1.41681 -0.990854
1438643656.719758474 1.38994 -1.0078
1438643656.729672833 1.33642 -0.992443
1438643656.739529063 1.28352 -0.964414
1438643656.749831964 1.25658 -0.948494
1438643656.759745543 1.28191 -0.950393
1438643656.769542506 1.35318 -0.930613
1438643656.779877973 1.45776 -0.868411
1438643656.789719576 1.54475 -0.811224
1438643656.799623159 1.58007 -0.786248
1438643656.809477413 1.56034 -0.794153
1438643656.819789066 1.46775 -0.853506
1438643656.829668248 1.34832 -0.930028
1438643656.839542339 1.25127 -0.984016
1438643656.849854635 1.26746 -1.00675
1438643656.859789305 1.37196 -0.976469
1438643656.869580233 1.49007 -0.953543
1438643656.879905700 1.57099 -0.941251
1438643656.889793943 1.59417 -0.951851
1438643656.899690627 1.52998 -1.00785
1438643656.909550162 1.36433 -1.08215
1438643656.919832641 1.15643 -1.11937
1438643656.929681411 1.0629 -1.11833
1438643656.939618726 1.16422 -1.09512
1438643656.949836976 1.42199 -1.04119
1438643656.959720630 1.64099 -0.987967
1438643656.969625772 1.66606 -0.962354
1438643656.979938880 1.46605 -1.00885
1438643656.989774314 1.13509 -1.11762
1438643656.999637973 0.84046 -1.22507
1438643657.009492862 0.748912 -1.2836
1438643657.019808368 0.893186 -1.3001
1438643657.029655851 1.16083 -1.23748
1438643657.039561809 1.46088 -1.13492
1438643657.049843817 1.57603 -1.06432
1438643657.059708260 1.41173 -1.0862
1438643657.069630495 1.09974 -1.17231
1438643657.079927218 0.801315 -1.26351
1438643657.089798227 0.705681 -1.30366
1438643657.099642472 0.844243 -1.30928
1438643657.109562188 1.11871 -1.25506
1438643657.119851180 1.44418 -1.12448
1438643657.129708046 1.66275 -1.03684
1438643657.139550812 1.64365 -1.03835
1438643657.149883722 1.41285 -1.13411
1438643657.159766973 1.15124 -1.21268
1438643657.169639226 1.0263 -1.22714
1438643657.179904798 1.10977 -1.20306
1438643657.189762739 1.36423 -1.1519
1438643657.199637916 1.64534 -1.0001
1438643657.209539654 1.9321 -0.854222
1438643657.219819322 2.06587 -0.805805
1438643657.229731171 1.89195 -0.908772
1438643657.239544415 1.50598 -1.05452
1438643657.249844772 1.06759 -1.13891
1438643657.259721696 0.825322 -1.12856
1438643657.269591507 0.844061 -1.0895
1438643657.279961324 1.06898 -1.03872
1438643657.289779844 1.41704 -0.960451
1438643657.299628960 1.69363 -0.835846
1438643657.309612373 1.69754 -0.788221
1438643657.319899316 1.46609 -0.836345
1438643657.329680677 1.16668 -0.947816
1438643657.339571203 0.943252 -1.04459
1438643657.349836322 0.922246 -1.07121
1438643657.359715889 1.11479 -1.06595
1438643657.369638005 1.41661 -1.01144
1438643657.379904994 1.70548 -0.876928
1438643657.389752792 1.78001 -0.812407
1438643657.399641126 1.56914 -0.848486
1438643657.409581680 1.24622 -0.900022
1438643657.419797768 0.986622 -0.934753
1438643657.429739990 0.904752 -0.94212
1438643657.439553066 0.99886 -0.930454
1438643657.449837601 1.20701 -0.894688
1438643657.459774645 1.3552 -0.86323
1438643657.469578783 1.33798 -0.840708
1438643657.479451991 1.17924 -0.863373
1438643657.489779550 1.00262 -0.890437
1438643657.499685505 0.997018 -0.869834
1438643657.509518028 1.17108 -0.827266
1438643657.519833691 1.42992 -0.75977
1438643657.529729400 1.59832 -0.707092
1438643657.539602641 1.59647 -0.691625
1438643657.549843454 1.4582 -0.731385
1438643657.559718017 1.29659 -0.775161
1438643657.569577061 1.19448 -0.80916
1438643657.579946070 1.2023 -0.818179
1438643657.589815649 1.3166 -0.809833
1438643657.599616297 1.45018 -0.759752
1438643657.609490377 1.51255 -0.685232
1438643657.619785763 1.46286 -0.603636
1438643657.629662286 1.35125 -0.600485
1438643657.639590678 1.20293 -0.671669
1438643657.649811526 1.07429 -0.775583
1438643657.659697818 1.0414 -0.850181
1438643657.669554278 1.10108 -0.890455
1438643657.679839464 1.18762 -0.909818
1438643657.689801274 1.21842 -0.899301
1438643657.699621785 1.20227 -0.890083
1438643657.709538595 1.1666 -0.909852
1438643657.719798283 1.12423 -0.941264
1438643657.729644117 1.05903 -0.968767
1438643657.739565636 0.982535 -1.03852
1438643657.749851906 0.922538 -1.0918
1438643657.759725059 0.881955 -1.11306
1438643657.769637402 0.920496 -1.0694
1438643657.779916622 1.00868 -0.99119
1438643657.789778252 1.08811 -0.936376
1438643657.799658323 1.14312 -0.888753
1438643657.809516195 1.1689 -0.862766
1438643657.819777330 1.17448 -0.853768
1438643657.829745928 1.17252 -0.87692
1438643657.839548842 1.17658 -0.883264
1438643657.849812914 1.20853 -0.866352
1438643657.859711371 1.2523 -0.804501
1438643657.869582410 1.27636 -0.748095
1438643657.879863136 1.24645 -0.699962
1438643657.889719754 1.20569 -0.700255
1438643657.899609868 1.19721 -0.716483
1438643657.909492924 1.22195 -0.739708
1438643657.919825524 1.2732 -0.778936
1438643657.929696092 1.32936 -0.818591
1438643657.939514949 1.34849 -0.830795
1438643657.949815865 1.31007 -0.824866
1438643657.959734036 1.24172 -0.826669
1438643657.969567701 1.19982 -0.854159
1438643657.979907041 1.23072 -0.893397
1438643657.989775477 1.31663 -0.898739
1438643657.999609584 1.41813 -0.849183
91
1438643655.544057430 600.8 16 52.7 0.029 0.001 0 -1
1438643655.544062171 600.5 16 52.7 0.029 0.001 0 -1
1438643655.544066856 600.2 16 52.7 0.029 0.001 0 -1
1438643655.544069835 599.9 15.9 52.7 0.029 0.001 0 -1
1438643655.544071474 599.7 15.9 52.7 0.029 0.001 0 -1
1438643655.544073695 599.3 15.9 52.7 0.029 0.001 0 -1
1438643655.544076875 599.2 15.9 52.7 0.029 0.001 0 -1
1438643655.544079134 599.2 15.9 52.7 0.029 0.001 0 -1
1438643655.544099391 599.2 15.9 52.7 0.029 0.001 0 -1
1438643655.544101695 599.2 15.9 52.7 0.029 0.001 0 -1
1438643655.558503340 599.2 15.9 52.7 0.029 0.001 0 -1
1438643655.591195106 599.2 15.9 52.7 0.029 0.001 0 -1
1438643655.624002627 599.2 15.9 52.7 0.029 0.001 0 -1
1438643655.653974679 599.2 15.9 52.7 0.029 0.001 0 -1
1438643655.684613645 599 15.9 52.7 0.029 0.001 0 -1
1438643655.714155904 598.6 15.9 52.7 0.029 0.001 0 -1
1438643655.744693600 598.4 15.8 52.7 0.029 0.001 0 -1
1438643655.774055295 598.1 15.8 52.7 0.029 0.001 0 -1
1438643655.804752184 597.8 15.8 52.7 0.029 0.001 0 -1
1438643655.831390424 597.5 15.8 52.7 0.029 0.001 0 -1
1438643655.864340583 597.2 15.8 52.7 0.029 0.001 0 -1
1438643655.893792774 596.9 15.8 52.7 0.029 0.001 0 -1
1438643655.924207499 596.6 15.7 52.7 0.029 0.001 0 -1
1438643655.953918312 596.3 15.7 52.7 0.029 0.001 0 -1
1438643655.987609104 596 15.7 52.7 0.029 0.001 0 -1
1438643656.013827193 595.7 15.7 52.7 0.029 0.001 0 -1
1438643656.047269197 595.4 15.7 52.7 0.029 0.001 0 -1
1438643656.074498205 595.1 15.7 52.7 0.029 0.001 0 -1
1438643656.103837862 594.8 15.6 52.7 0.029 0.001 0 -1
1438643656.134432099 594.5 15.6 52.7 0.029 0.001 0 -1
1438643656.163735935 594.2 15.6 52.7 0.029 0.001 0 -1
1438643656.194014789 593.9 15.6 52.7 0.029 0.001 0 -1
1438643656.224378808 593.6 15.6 52.7 0.029 0.001 0 -1
1438643656.254667933 593.2 15.6 52.7 0.029 0.001 0 -1
1438643656.284303916 593 15.5 52.7 0.029 0.001 0 -1
1438643656.313987446 592.7 15.5 52.7 0.029 0.001 0 -1
1438643656.344548194 592.4 15.5 52.7 0.029 0.001 0 -1
1438643656.374238433 592.1 15.5 52.7 0.029 0.001 0 -1
1438643656.407033034 591.8 15.5 52.7 0.029 0.001 0 -1
1438643656.434544286 591.5 15.5 52.7 0.029 0.001 0 -1
1438643656.467200363 591.2 15.4 52.7 0.029 0.001 0 -1
1438643656.496673828 590.9 15.4 52.7 0.029 0.001 0 -1
1438643656.527331029 590.6 15.4 52.7 0.029 0.001 0 -1
1438643656.557044383 590.3 15.4 52.7 0.029 0.001 0 -1
1438643656.587571483 590 15.4 52.7 0.029 0.001 0 -1
1438643656.614041490 589.7 15.3 52.7 0.029 0.001 0 -1
1438643656.650125955 589.3 15.3 52.7 0.029 0.001 0 -1
1438643656.679881281 589 15.3 52.7 0.029 0.001 0 -1
1438643656.710486353 588.7 15.3 52.7 0.029 0.001 0 -1
1438643656.739968737 588.4 15.3 52.7 0.029 0.001 0 -1
1438643656.770365768 588.2 15.3 52.7 0.029 0.001 0 -1
1438643656.800691108 587.8 15.2 52.7 0.029 0.001 0 -1
1438643656.833210600 587.5 15.2 52.7 0.029 0.001 0 -1
1438643656.860530630 587.2 15.2 52.7 0.029 0.001 0 -1
1438643656.893173152 586.9 15.2 52.7 0.029 0.001 0 -1
1438643656.923521955 586.6 15.2 52.7 0.029 0.001 0 -1
1438643656.952999643 586.3 15.2 52.7 0.029 0.001 0 -1
1438643656.980303285 586 15.1 52.7 0.029 0.001 0 -1
1438643657.012915425 585.7 15.1 52.6 0.029 0.001 0 -1
1438643657.040226914 585.4 15.1 52.7 0.029 0.001 0 -1
1438643657.072967866 585.1 15.1 52.6 0.029 0.001 0 -1
1438643657.103398821 584.8 15.1 52.6 0.029 0.001 0 -1
1438643657.136037735 584.5 15 52.7 0.029 0.001 0 -1
1438643657.163566063 584.2 15 52.6 0.029 0.001 0 -1
1438643657.196362178 583.9 15 52.7 0.029 0.001 0 -1
1438643657.223673600 583.6 15 52.7 0.029 0.001 0 -1
1438643657.256319318 583.3 15 52.6 0.029 0.001 0 -1
1438643657.283511727 583 15 52.6 0.029 0.001 0 -1
1438643657.315827225 582.7 14.9 52.7 0.029 0.001 0 -1
1438643657.342927589 582.3 14.9 52.6 0.029 0.001 0 -1
1438643657.376349578 582.1 14.9 52.6 0.029 0.001 0 -1
1438643657.406695409 581.8 14.9 52.6 0.029 0.001 0 -1
1438643657.439154521 581.5 14.9 52.6 0.029 0.001 0 -1
1438643657.466400709 581.2 14.8 52.6 0.029 0.001 0 -1
1438643657.499052784 580.9 14.8 52.6 0.029 0.001 0 -1
1438643657.526716411 580.6 14.8 52.6 0.029 0.001 0 -1
1438643657.559501307 580.3 14.8 52.6 0.029 0.001 0 -1
1438643657.585745531 580 14.8 52.6 0.029 0.001 0 -1
1438643657.619039146 579.7 14.8 52.6 0.029 0.001 0 -1
1438643657.646174052 579.3 14.7 52.6 0.029 0.001 0 -1
1438643657.679608967 579.1 14.7 52.6 0.029 0.001 0 -1
1438643657.705989815 578.7 14.7 52.6 0.029 0.001 0 -1
1438643657.739552676 578.5 14.7 52.6 0.029 0.001 0 -1
1438643657.769259432 578.1 14.7 52.6 0.029 0.001 0 -1
1438643657.802070408 577.9 14.7 52.6 0.029 0.001 0 -1
1438643657.829453634 577.5 14.6 52.6 0.029 0.001 0 -1
1438643657.861977888 577.2 14.6 52.6 0.029 0.001 0 -1
1438643657.889450966 577 14.6 52.6 0.029 0.001 0 -1
1438643657.922139466 576.6 14.6 52.6 0.029 0.001 0 -1
1438643657.948662267 576.3 14.6 52.6 0.029 0.001 0 -1
1438643657.979218298 576 14.5 52.6 0.029 0.001 0 -1
602.195 45.1351 13.1188 0.384773 -0.00312805 -0.00729013 0.922977
584.008 73.3735 14.4862 0.240354 -0.00713533 -0.0192022 0.970469
258
1438643728.224960459 -7.81537 2.50014
1438643728.224963120 -7.8162 2.49943
1438643728.224964585 -7.81703 2.49768
1438643728.224965838 -7.81375 2.49386
1438643728.224967650 -7.81474 2.4944
1438643728.224970367 -7.80996 2.49181
1438643728.224972247 -7.81011 2.49521
1438643728.224977299 -7.81216 2.49737
1438643728.224981304 -7.80854 2.49762
1438643728.224983589 -7.80868 2.49984
1438643728.230026391 -7.80785 2.50047
1438643728.239908995 -7.80876 2.49988
1438643728.249749341 -7.80578 2.49944
1438643728.259637299 -7.80463 2.4978
1438643728.269969986 -7.80647 2.4977
1438643728.279824571 -7.80645 2.49763
1438643728.289747331 -7.80654 2.49765
1438643728.299983667 -7.80728 2.49811
1438643728.309922150 -7.80561 2.49501
1438643728.319745270 -7.80955 2.50473
1438643728.330027225 -7.80739 2.4982
1438643728.339927419 -7.80168 2.49741
1438643728.349793548 -7.80083 2.49909
1438643728.360063661 -7.79703 2.50048
1438643728.369905520 -7.79644 2.50335
1438643728.379863067 -7.79724 2.50385
1438643728.389654551 -7.79947 2.5071
1438643728.400034379 -7.80005 2.50304
1438643728.409841361 -7.80198 2.50185
1438643728.419705506 -7.80035 2.49344
1438643728.430010253 -7.80093 2.49279
1438643728.439884523 -7.80068 2.49048
1438643728.449754419 -7.80051 2.4893
1438643728.460115690 -7.80134 2.49089
1438643728.469898652 -7.80035 2.49042
1438643728.479790018 -7.80174 2.4943
1438643728.489706470 -7.80256 2.49376
1438643728.499927836 -7.80172 2.49551
1438643728.509905338 -7.80057 2.49268
1438643728.519665180 -7.7986 2.49168
1438643728.530000410 -7.79628 2.48841
1438643728.539921836 -7.7963 2.48721
1438643728.549726606 -7.79397 2.48505
1438643728.560017610 -7.79407 2.48507
1438643728.569885588 -7.7939 2.4839
1438643728.579797235 -7.79694 2.48771
1438643728.589648018 -7.79121 2.48775
1438643728.599949025 -7.64673 2.50672
1438643728.609830998 -7.33818 2.539
1438643728.619729668 -6.90188 2.59392
1438643728.630083292 -6.31949 2.66246
1438643728.639974025 -5.69541 2.73928
1438643728.649777730 -5.03907 2.84698
1438643728.660082729 -4.36769 2.94249
1438643728.669923560 -3.94562 2.82079
1438643728.679873865 -3.87061 2.58072
1438643728.689683365 -3.95122 2.37551
1438643728.699972104 -3.95779 2.1814
1438643728.709878088 -3.84984 2.02888
1438643728.719707511 -3.65392 1.89478
1438643728.730008834 -3.4745 1.75479
1438643728.739897044 -3.38011 1.63999
1438643728.749767141 -3.3481 1.538
1438643728.760005992 -3.32484 1.43947
1438643728.769934011 -3.33514 1.35053
1438643728.779761947 -3.3665 1.29271
1438643728.789630857 -3.38406 1.23179
1438643728.799913188 -3.38571 1.18215
1438643728.809805397 -3.37515 1.12999
1438643728.819672080 -3.38307 1.10139
1438643728.830042183 -3.41135 1.08183
1438643728.839938452 -3.49751 1.09657
1438643728.849772191 -3.60026 1.13163
1438643728.860023889 -3.64414 1.15848
1438643728.869877287 -3.61355 1.16533
1438643728.879853830 -3.58268 1.16519
1438643728.890102498 -3.5913 1.17135
1438643728.899971286 -3.5993 1.17454
1438643728.909790478 -3.56793 1.17524
1438643728.919712731 -3.50051 1.15271
1438643728.930042522 -3.45296 1.12878
1438643728.939799663 -3.47275 1.11416
1438643728.949694045 -3.54475 1.11746
1438643728.960025399 -3.57458 1.1097
1438643728.969869958 -3.55681 1.08956
1438643728.979740944 -3.49834 1.05894
1438643728.989691455 -3.39715 1.01004
1438643728.999913025 -3.31625 0.965541
1438643729.009900435 -3.27161 0.954738
1438643729.019682590 -3.32744 0.988571
1438643729.029977537 -3.52819 1.07852
1438643729.039887849 -3.7632 1.18778
1438643729.049732432 -3.94391 1.26592
1438643729.060010397 -3.95874 1.31015
1438643729.069960984 -3.76869 1.32246
1438643729.079782497 -3.52767 1.28205
1438643729.090069661 -3.38019 1.20497
1438643729.099950029 -3.40549 1.19306
1438643729.109824611 -3.51368 1.2017
1438643729.119673529 -3.52952 1.18822
1438643729.129996414 -3.36732 1.17627
1438643729.139895372 -3.10833 1.15304
1438643729.149668511 -2.89224 1.08916
1438643729.160037415 -2.86611 1.01613
1438643729.169862139 -3.01763 1.02935
1438643729.179718195 -3.18978 1.04753
1438643729.190084638 -3.32905 1.05867
1438643729.199944803 -3.3733 1.05383
1438643729.209812670 -3.29426 1.03123
1438643729.219726588 -3.11992 0.981362
1438643729.229991190 -2.93659 0.879213
1438643729.239823444 -2.89296 0.86488
1438643729.249750291 -3.00919 0.915564
1438643729.260028323 -3.15726 0.995861
1438643729.269855614 -3.1802 1.04761
1438643729.279759188 -3.00945 1.08621
1438643729.290068892 -2.75463 1.08808
1438643729.299907047 -2.58463 1.03237
1438643729.309778274 -2.53925 1.01035
1438643729.319678906 -2.61956 1.04003
1438643729.329932719 -2.81801 1.08813
1438643729.339844897 -3.02679 1.12067
1438643729.349759770 -3.15011 1.11617
1438643729.360013096 -3.18025 1.07397
1438643729.369875129 -3.13085 1.00705
1438643729.379682577 -3.04954 0.956507
1438643729.390063836 -2.98688 0.923633
1438643729.399891394 -3.01254 0.9183
1438643729.409820447 -3.11134 0.940771
1438643729.419635013 -3.25223 0.978087
1438643729.429981599 -3.39936 1.01824
1438643729.439835858 -3.44781 1.04261
1438643729.449654588 -3.37551 1.04022
1438643729.459986796 -3.1992 1.00779
1438643729.469907487 -3.04612 0.931966
1438643729.479692304 -2.97927 0.89632
1438643729.490038632 -3.0013 0.896074
1438643729.499953173 -3.06555 0.907729
1438643729.509800046 -3.13101 0.922887
1438643729.520099961 -3.16146 0.93202
1438643729.529994222 -3.14309 0.929076
1438643729.539834593 -3.1229 0.928769
1438643729.549680755 -3.0944 0.937124
1438643729.560019500 -3.06073 0.940501
1438643729.569899085 -3.04596 0.941694
1438643729.579764160 -3.08534 0.949023
1438643729.590083504 -3.19525 0.979166
1438643729.599941294 -3.2838 1.00933
1438643729.609748013 -3.31602 1.01196
1438643729.619659377 -3.30643 0.996643
1438643729.629937533 -3.2659 0.964464
1438643729.639797485 -3.2146 0.930047
1438643729.649730390 -3.17268 0.89772
1438643729.659994988 -3.16032 0.869786
1438643729.669841386 -3.19485 0.857094
1438643729.679745830 -3.23839 0.848056
1438643729.690065363 -3.28409 0.83921
1438643729.699886389 -3.28625 0.83796
1438643729.709801773 -3.20809 0.804207
1438643729.719686247 -3.09987 0.757438
1438643729.729983135 -2.97432 0.705854
1438643729.739848994 -2.91048 0.675798
1438643729.749687080 -2.95464 0.678259
1438643729.759974433 -3.04969 0.709403
1438643729.769920544 -3.15514 0.756819
1438643729.779688614 -3.24271 0.807037
1438643729.790086995 -3.27006 0.841714
1438643729.799919914 -3.26366 0.862244
1438643729.809745121 -3.23644 0.875814
1438643729.819700124 -3.23755 0.899422
1438643729.829985579 -3.28068 0.926293
1438643729.839830911 -3.3125 0.951158
1438643729.849739807 -3.29951 0.959413
1438643729.859950425 -3.20336 0.941155
1438643729.869823801 -3.11236 0.900317
1438643729.879742290 -3.09662 0.885048
1438643729.889999243 -3.12558 0.882799
1438643729.899846611 -3.17264 0.892251
1438643729.909824420 -3.24548 0.927728
1438643729.920046443 -3.26325 0.955342
1438643729.929993740 -3.19276 0.95183
1438643729.939782360 -3.1348 0.937942
1438643729.949702491 -3.1615 0.936592
1438643729.959981598 -3.28884 0.960844
1438643729.969831577 -3.44785 0.994952
1438643729.979754143 -3.55767 1.01774
1438643729.990064165 -3.56861 1.0159
1438643729.999909574 -3.47881 0.995732
1438643730.009721927 -3.33703 0.93035
1438643730.020060430 -3.24021 0.862007
1438643730.029913671 -3.25716 0.820411
1438643730.039763271 -3.34688 0.810108
1438643730.049659031 -3.42436 0.809295
1438643730.059986672 -3.42265 0.791127
1438643730.069829724 -3.33246 0.751319
1438643730.079767657 -3.18862 0.692761
1438643730.089995451 -3.06424 0.621902
1438643730.099860545 -3.02061 0.570459
1438643730.109785102 -3.04538 0.55392
1438643730.120093386 -3.04584 0.534196
1438643730.129902440 -3.01633 0.505795
1438643730.139824060 -3.01738 0.477777
1438643730.149738675 -3.04406 0.474617
1438643730.160016901 -3.09275 0.477644
1438643730.169853837 -3.16456 0.499404
1438643730.179770200 -3.21761 0.513585
1438643730.190057295 -3.21005 0.518958
1438643730.199934963 -3.14836 0.504743
1438643730.209787883 -3.08145 0.465948
1438643730.220008221 -3.0911 0.448572
1438643730.229962293 -3.22475 0.486438
1438643730.239809841 -3.3665 0.541276
1438643730.249707184 -3.46435 0.584394
1438643730.259985052 -3.49712 0.607917
1438643730.269877640 -3.46969 0.609858
1438643730.279757626 -3.46535 0.589851
1438643730.290036033 -3.47278 0.589473
1438643730.299913036 -3.50326 0.605662
1438643730.309790768 -3.6027 0.654839
1438643730.320072681 -3.69833 0.714072
1438643730.329943301 -3.70498 0.741159
1438643730.339844240 -3.65935 0.733985
1438643730.349699223 -3.5842 0.717565
1438643730.359993760 -3.5797 0.739858
1438643730.369880493 -3.63157 0.787284
1438643730.379715228 -3.66474 0.824482
1438643730.390019885 -3.6971 0.856497
1438643730.399922637 -3.69034 0.868799
1438643730.409756445 -3.58668 0.860961
1438643730.420079014 -3.43882 0.813774
1438643730.429964842 -3.33784 0.76682
1438643730.439801170 -3.33574 0.739187
1438643730.449675430 -3.43155 0.753668
1438643730.459989617 -3.54277 0.775431
1438643730.469842011 -3.63425 0.789146
1438643730.479759652 -3.70201 0.78986
1438643730.490075416 -3.76189 0.788898
1438643730.499877050 -3.77241 0.779349
1438643730.509800981 -3.66871 0.757949
1438643730.520107288 -3.48026 0.709546
1438643730.529942031 -3.35541 0.631243
1438643730.539853526 -3.33018 0.576923
1438643730.549686312 -3.36904 0.556591
1438643730.560004006 -3.41022 0.549627
1438643730.569863838 -3.40797 0.531862
1438643730.579782236 -3.38569 0.50573
1438643730.589995098 -3.33997 0.484485
1438643730.599900654 -3.32114 0.445026
1438643730.609821536 -3.36196 0.445889
1438643730.620066229 -3.46587 0.483775
1438643730.629979903 -3.53465 0.524195
1438643730.639867695 -3.54391 0.534137
1438643730.649689756 -3.5655 0.535237
1438643730.660015871 -3.60188 0.542069
1438643730.669866008 -3.63494 0.551682
1438643730.679776645 -3.62923 0.561157
1438643730.690013404 -3.57508 0.542055
1438643730.699924916 -3.47139 0.528439
91
1438643728.224965467 590.1 26.9 52.8 0.377 0 0 0.926
1438643728.224969766 589.8 27.1 52.8 0.377 0 0 0.926
1438643728.224973847 589.6 27.3 52.8 0.377 0 0 0.926
1438643728.224975705 589.4 27.5 52.8 0.377 0 0 0.926
1438643728.224978197 589.2 27.7 52.8 0.377 0 0 0.926
1438643728.224980372 588.9 28 52.8 0.377 0 0 0.926
1438643728.224983474 588.8 28.1 52.8 0.377 0 0 0.926
1438643728.224984890 588.7 28.2 52.8 0.377 0 0 0.926
1438643728.224989205 588.7 28.2 52.8 0.377 0 0 0.926
1438643728.224991458 588.7 28.2 52.8 0.377 0 0 0.926
1438643728.245557115 588.7 28.2 52.8 0.377 0 0 0.926
1438643728.277953411 588.7 28.2 52.8 0.377 0 0 0.926
1438643728.311457408 588.7 28.2 52.8 0.377 0 0 0.926
1438643728.341740240 588.7 28.2 52.8 0.377 0 0 0.926
1438643728.370907448 588.5 28.3 52.8 0.377 0 0 0.926
1438643728.401250650 588.3 28.6 52.8 0.377 0 0 0.926
1438643728.431522349 588.1 28.8 52.8 0.377 0 0 0.926
1438643728.460816481 587.9 29 52.8 0.377 0 0 0.926
1438643728.494226966 587.7 29.2 52.8 0.377 0 0 0.926
1438643728.521367745 587.5 29.4 52.8 0.377 0 0 0.926
1438643728.553934994 587.3 29.6 52.8 0.377 0 0 0.926
1438643728.584196357 587 29.8 52.8 0.377 0 0 0.926
1438643728.614447379 586.8 30 52.8 0.377 0 0 0.926
1438643728.643834805 586.6 30.3 52.8 0.377 0 0 0.926
1438643728.677137008 586.4 30.5 52.8 0.377 0 0 0.926
1438643728.704422033 586.2 30.7 52.8 0.377 0 0 0.926
1438643728.736941623 586 30.9 52.8 0.377 0 0 0.926
1438643728.764240192 585.7 31.1 52.8 0.377 0 0 0.926
1438643728.796838585 585.5 31.3 52.8 0.377 0 0 0.926
1438643728.830504451 585.3 31.6 52.8 0.377 0 0 0.926
1438643728.860005840 585.1 31.8 52.8 0.377 0 0 0.926
1438643728.890646897 584.8 32 52.8 0.377 0 0 0.926
1438643728.920067783 584.6 32.2 52.8 0.377 0 0 0.926
1438643728.950365398 584.4 32.4 52.8 0.377 0 0 0.926
1438643728.980659962 584.2 32.6 52.8 0.377 0 0 0.926
1438643729.010080078 584 32.9 52.8 0.377 0 0 0.926
1438643729.040651152 583.8 33 52.8 0.377 0 0 0.926
1438643729.070239382 583.6 33.2 52.8 0.377 0 0 0.926
1438643729.102866287 583.3 33.4 52.8 0.377 0 0 0.926
1438643729.130360522 583.1 33.7 52.8 0.377 0 0 0.926
1438643729.162982387 582.9 33.9 52.8 0.377 0 0 0.926
1438643729.193745884 582.7 34.1 52.8 0.377 0 0 0.926
1438643729.223182330 582.5 34.3 52.8 0.377 0 0 0.926
1438643729.250755323 582.2 34.5 52.8 0.377 0 0 0.926
1438643729.283716962 582 34.7 52.8 0.377 0 0 0.926
1438643729.310282184 581.8 34.9 52.8 0.377 0 0 0.926
1438643729.343348423 581.6 35.1 52.8 0.377 0 0 0.926
1438643729.373197998 581.4 35.4 52.8 0.377 0 0 0.926
1438643729.403694319 581.2 35.6 52.8 0.377 0 0 0.926
1438643729.433435978 580.9 35.8 52.8 0.377 0 0 0.926
1438643729.466163224 580.7 36 52.8 0.377 0 0 0.926
1438643729.493642444 580.5 36.2 52.8 0.377 0 0 0.926
1438643729.529708500 580.3 36.5 52.8 0.377 0 0 0.926
1438643729.559281647 580.1 36.7 52.8 0.377 0 0 0.926
1438643729.588823355 579.9 36.9 52.8 0.377 0 0 0.926
1438643729.619454801 579.6 37.1 52.8 0.377 0 0 0.926
1438643729.649043332 579.4 37.3 52.8 0.377 0 0 0.926
1438643729.679709789 579.2 37.5 52.8 0.377 0 0 0.926
1438643729.712438131 579 37.7 52.8 0.377 0 0 0.926
1438643729.738999150 578.8 37.9 52.8 0.377 0 0 0.926
1438643729.769457298 578.6 38.1 52.8 0.377 0 0 0.926
1438643729.798942043 578.3 38.3 52.8 0.377 0 0 0.926
1438643729.829256898 578.1 38.5 52.8 0.377 0 0 0.926
1438643729.859503643 577.9 38.8 52.8 0.377 0 0 0.926
1438643729.889213035 577.7 39 52.8 0.377 0 0 0.926
1438643729.918941166 577.5 39.2 52.8 0.377 0 0 0.926
1438643729.952004029 577.3 39.4 52.8 0.377 0 0 0.926
1438643729.979211412 577 39.6 52.8 0.377 0 0 0.926
1438643730.009683261 576.8 39.8 52.8 0.377 0 0 0.926
1438643730.039328838 576.6 40 52.8 0.377 0 0 0.926
1438643730.068963460 576.4 40.2 52.8 0.377 0 0 0.926
1438643730.096745523 576.2 40.5 52.8 0.377 0 0 0.926
1438643730.129606029 576 40.6 52.8 0.377 0 0 0.926
1438643730.159123246 575.8 40.9 52.8 0.377 0 0 0.926
1438643730.192035191 575.6 41.1 52.8 0.377 0 0 0.926
1438643730.219571358 575.4 41.3 52.8 0.377 0 0 0.926
1438643730.249301891 575.1 41.5 52.8 0.377 0 0 0.926
1438643730.276607998 574.9 41.7 52.8 0.377 0 0 0.926
1438643730.309236329 574.7 41.9 52.8 0.377 0 0 0.926
1438643730.338717890 574.5 42.2 52.8 0.377 0 0 0.926
1438643730.372373629 574.3 42.3 52.8 0.377 0 0 0.926
1438643730.402084674 574 42.6 52.8 0.377 0 0 0.926
1438643730.431868946 573.8 42.8 52.8 0.377 0 0 0.926
1438643730.459410919 573.6 43 52.8 0.377 0 0 0.926
1438643730.492102356 573.4 43.2 52.8 0.377 0 0 0.926
1438643730.519425612 573.2 43.4 52.8 0.377 0 0 0.926
1438643730.552240326 573 43.6 52.8 0.377 0 0 0.926
1438643730.582093590 572.7 43.8 52.8 0.377 0 0 0.926
1438643730.615029628 572.5 44 52.8 0.377 0 0 0.926
1438643730.642265470 572.3 44.3 52.8 0.377 0 0 0.926
1438643730.675300647 572.1 44.5 52.8 0.377 0 0 0.926
