10
668.543 14.7435 15.5958 0.424421 -0.0153279 -0.00294702 0.90533
654.25 15.3062 13.7724 0.50304 -0.00448386 0.00460019 0.864239
243
1438867240.474289960 -3.13284 -3.16635
1438867240.482013899 -3.13292 -3.16742
1438867240.491835893 -3.13194 -3.16687
1438867240.501717275 -3.13193 -3.16805
1438867240.512026864 -3.13193 -3.16805
1438867240.521948067 -3.13284 -3.16753
1438867240.531999901 -3.13183 -3.16696
1438867240.542287257 -3.13192 -3.16701
1438867240.551880007 -3.13282 -3.16538
1438867240.561802360 -3.13093 -3.16637
1438867240.571901499 -3.13193 -3.16805
1438867240.582187162 -3.12815 -3.16787
1438867240.591845821 -3.12825 -3.16897
1438867240.601975774 -3.12623 -3.16773
1438867240.612203655 -3.12523 -3.16715
1438867240.622152829 -3.12621 -3.16557
1438867240.632033929 -3.12711 -3.16616
1438867240.642246797 -3.12721 -3.16614
1438867240.651929902 -3.12812 -3.16674
1438867240.661820267 -3.1291 -3.16738
1438867240.671639982 -3.13003 -3.168
1438867240.682083543 -3.1319 -3.16692
1438867240.692129973 -3.13193 -3.16805
1438867240.701946606 -3.1319 -3.16581
1438867240.712008464 -3.13185 -3.16689
1438867240.721838740 -3.13094 -3.1663
1438867240.731703067 -3.13183 -3.16696
1438867240.742185534 -3.13382 -3.16707
1438867240.751943116 -3.13096 -3.16861
1438867240.761817560 -3.13285 -3.16651
1438867240.772171267 -3.13392 -3.16705
1438867240.782023029 -3.1319 -3.16692
1438867240.791877363 -3.1329 -3.16749
1438867240.801669636 -3.13192 -3.16685
1438867240.811996251 -3.13284 -3.16753
1438867240.821832227 -3.13284 -3.16753
1438867240.831789472 -3.1329 -3.16749
1438867240.842090744 -3.13383 -3.167
1438867240.851922553 -3.13284 -3.16753
1438867240.861780224 -3.13194 -3.16687
1438867240.872079227 -3.13192 -3.16701
1438867240.881965570 -3.13192 -3.16701
1438867240.891866409 -3.09279 -3.16322
1438867240.902236516 -2.91562 -3.15045
1438867240.912000542 -2.36289 -3.11664
1438867240.921951471 -1.49245 -3.03271
1438867240.931806227 -0.642564 -2.88571
1438867240.942314856 -0.140052 -2.63823
1438867240.951859862 0.281344 -2.35873
1438867240.961835815 0.595726 -2.09984
1438867240.971986980 0.863025 -1.85099
1438867240.982109083 1.1372 -1.57638
1438867240.992098939 1.38828 -1.30817
1438867241.001915245 1.64205 -1.06313
1438867241.011976905 1.78342 -0.85208
1438867241.021880956 1.87603 -0.684122
1438867241.031793548 1.96392 -0.54196
1438867241.041842144 1.93004 -0.441587
1438867241.052152180 1.94459 -0.360205
1438867241.061963700 1.9818 -0.292522
1438867241.071902198 2.06135 -0.228213
1438867241.082082409 2.08315 -0.174274
1438867241.092008434 2.08447 -0.138342
1438867241.101766213 2.03331 -0.123182
1438867241.112107052 2.06886 -0.09712
1438867241.121944246 2.1245 -0.047866
1438867241.131813879 2.1426 -0.022873
1438867241.142172771 2.17304 -0.007372
1438867241.151995455 2.19634 0.013466
1438867241.161821147 2.168 0.034522
1438867241.172258815 2.12227 0.032365
1438867241.182197510 2.08191 0.032111
1438867241.192089435 2.03539 0.038473
1438867241.202148320 2.00467 0.054988
1438867241.212021352 2.02442 0.063997
1438867241.221986940 1.93845 0.060812
1438867241.232018999 1.9364 0.056367
1438867241.242420697 1.97426 0.082307
1438867241.252083509 1.99885 0.112618
1438867241.261942644 2.05282 0.149606
1438867241.272335892 2.10718 0.176726
1438867241.282199748 2.11543 0.175104
1438867241.291996695 2.05604 0.153492
1438867241.302341407 2.06848 0.153209
1438867241.312274903 2.09736 0.187063
1438867241.321884030 2.15208 0.227583
1438867241.331945077 2.23483 0.265241
1438867241.342170784 2.26476 0.28933
1438867241.352140599 2.28077 0.30461
1438867241.362028496 2.3234 0.332189
1438867241.371885426 2.37044 0.377213
1438867241.382098965 2.42181 0.424334
1438867241.392092821 2.50018 0.467833
1438867241.401892864 2.50863 0.498034
1438867241.412230781 2.46697 0.500086
1438867241.422009298 2.49099 0.496139
1438867241.431807926 2.49507 0.515193
1438867241.442379009 2.50442 0.553191
1438867241.452057986 2.61556 0.592292
1438867241.462026884 2.65937 0.628879
1438867241.472267926 2.66728 0.651113
1438867241.482199531 2.71012 0.669973
1438867241.492076277 2.72294 0.696996
1438867241.501761718 2.70321 0.726205
1438867241.512024448 2.75651 0.764115
1438867241.522161209 2.79792 0.789171
1438867241.531957644 2.81486 0.798306
1438867241.541705710 2.79488 0.801657
1438867241.551928710 2.80845 0.805153
1438867241.561869388 2.72714 0.797547
1438867241.572289773 2.60236 0.76752
1438867241.582202292 2.59521 0.736549
1438867241.592116238 2.5233 0.705663
1438867241.601857535 2.49773 0.662135
1438867241.612166655 2.46204 0.629295
1438867241.622129585 2.38172 0.586806
1438867241.631688955 2.37109 0.554213
1438867241.641696727 2.42792 0.535989
1438867241.652158238 2.44332 0.523048
1438867241.661893470 2.41219 0.497355
1438867241.672262799 2.45841 0.483008
1438867241.682201829 2.40954 0.471834
1438867241.691940962 2.33276 0.438566
1438867241.702383575 2.32019 0.420064
1438867241.712205539 2.31713 0.418225
1438867241.722044096 2.3384 0.418234
1438867241.732140129 2.24944 0.396673
1438867241.742276745 2.21184 0.353999
1438867241.751889758 2.12645 0.311724
1438867241.761825018 2.07292 0.259235
1438867241.772173962 1.99733 0.201176
1438867241.782098730 1.9207 0.144853
1438867241.791906531 1.87715 0.105761
1438867241.801663320 1.85489 0.077757
1438867241.811948831 1.85961 0.046397
1438867241.821856516 1.86517 0.010635
1438867241.831688045 1.88237 -0.02164
1438867241.842003256 1.82434 -0.054264
1438867241.851842625 1.79021 -0.064115
1438867241.861765808 1.84598 -0.03968
1438867241.872022856 1.8683 -0.011303
1438867241.881914037 1.88072 0.006932
1438867241.891786598 1.8631 0.021104
1438867241.902146661 1.87373 0.039104
1438867241.912022274 1.87213 0.050926
1438867241.921831224 1.84229 0.059016
1438867241.931861231 1.79095 0.064627
1438867241.942227669 1.79196 0.069743
1438867241.952183357 1.7999 0.069626
1438867241.961992236 1.8377 0.059258
1438867241.972290280 1.79792 0.045047
1438867241.982139908 1.8209 0.041058
1438867241.991766702 1.85164 0.054695
1438867242.001695211 1.81197 0.061005
1438867242.012166691 1.82741 0.074619
1438867242.022078222 1.8784 0.105296
1438867242.032021080 1.86794 0.129788
1438867242.042215355 1.88874 0.147661
1438867242.051823119 1.94775 0.171733
1438867242.061786360 1.90036 0.19061
1438867242.072070771 1.85703 0.18467
1438867242.082051643 1.88179 0.178996
1438867242.092094498 1.88611 0.176315
1438867242.102285925 1.93458 0.189624
1438867242.112169617 1.96451 0.204477
1438867242.122054236 2.013 0.224366
1438867242.132348110 1.98136 0.236465
1438867242.142240783 1.95763 0.236752
1438867242.151885724 1.9451 0.22491
1438867242.161921892 1.84222 0.200907
1438867242.172269320 1.83514 0.186174
1438867242.181857564 1.807 0.175745
1438867242.191807917 1.79785 0.170882
1438867242.202172698 1.75591 0.176071
1438867242.212223958 1.83081 0.195765
1438867242.221901412 1.80024 0.203548
1438867242.231746228 1.7869 0.194369
1438867242.242246223 1.79842 0.189402
1438867242.252169036 1.78583 0.200576
1438867242.261875824 1.75954 0.221978
1438867242.272060205 1.83545 0.265696
1438867242.281920510 1.84336 0.312246
1438867242.291728795 1.79932 0.319911
1438867242.302439508 1.79166 0.300163
1438867242.312350247 1.78402 0.280124
1438867242.322045388 1.77527 0.270596
1438867242.332154634 1.7388 0.264615
1438867242.342122512 1.77973 0.262878
1438867242.352007517 1.80457 0.265108
1438867242.361684382 1.74935 0.247686
1438867242.372045752 1.73967 0.221569
1438867242.382085594 1.75554 0.197264
1438867242.391972161 1.76881 0.198312
1438867242.402235922 1.80466 0.212569
1438867242.412176124 1.793 0.232537
1438867242.421750949 1.7979 0.256559
1438867242.432120305 1.76836 0.2706
1438867242.442274979 1.76314 0.281589
1438867242.452021959 1.80587 0.300376
1438867242.462030640 1.79548 0.322011
1438867242.472288911 1.83431 0.350852
1438867242.481804054 1.84782 0.367853
1438867242.491785737 1.85353 0.369099
1438867242.502251789 1.8484 0.351863
1438867242.512010769 1.80239 0.325329
1438867242.521888840 1.79333 0.306238
1438867242.532331874 1.84175 0.308084
1438867242.541894144 1.89457 0.317862
1438867242.551780755 1.84747 0.305136
1438867242.561829640 1.81361 0.280209
1438867242.572262786 1.83048 0.261679
1438867242.582021789 1.86011 0.26253
1438867242.591878052 1.89295 0.274421
1438867242.602235439 1.95434 0.293929
1438867242.612121070 1.93135 0.309631
1438867242.622076357 1.88029 0.314889
1438867242.632294836 1.85045 0.327784
1438867242.641965197 1.89991 0.343214
1438867242.651793279 1.92367 0.351591
1438867242.662066928 1.94547 0.354401
1438867242.672038351 1.99096 0.354083
1438867242.681851346 2.01296 0.354948
1438867242.691928177 2.03889 0.3663
1438867242.702284275 2.04084 0.377274
1438867242.712134905 2.04903 0.392125
1438867242.721749971 2.05888 0.402994
1438867242.732047542 2.15059 0.430775
1438867242.742318256 2.16488 0.451171
1438867242.751999268 2.12208 0.447543
1438867242.761717980 2.13374 0.438632
1438867242.772218341 2.13899 0.450639
1438867242.781983278 2.12722 0.467595
1438867242.791840373 2.18337 0.483698
1438867242.802001723 2.24599 0.491825
1438867242.811900635 2.28337 0.494108
1438867242.821734537 2.22465 0.493034
1438867242.832046452 2.26495 0.495712
1438867242.841894020 2.30461 0.496893
1438867242.851769480 2.30444 0.50131
1438867242.862063490 2.3888 0.524202
1438867242.871946017 2.44969 0.557955
1438867242.881841601 2.41006 0.579334
1438867242.891732654 2.3542 0.594375
81
1438867240.474289967 612.9 -34 26.8 0.257 -0.008 0 0.966
1438867240.485895388 612.9 -34 26.8 0.257 -0.008 0 0.966
1438867240.518683714 612.9 -34 26.8 0.257 -0.008 0 0.966
1438867240.551712992 612.9 -34 26.8 0.257 -0.008 0 0.966
1438867240.579041544 612.9 -34 26.8 0.257 -0.008 0 0.966
1438867240.611717993 612.8 -33.9 26.8 0.257 -0.008 0 0.966
1438867240.638360568 612.6 -33.8 26.8 0.257 -0.008 0 0.966
1438867240.671188060 612.3 -33.7 26.8 0.257 -0.008 0 0.966
1438867240.698519924 612 -33.5 26.8 0.257 -0.008 0 0.966
1438867240.731054952 611.8 -33.4 26.8 0.257 -0.008 0 0.966
1438867240.760992844 611.5 -33.2 26.8 0.257 -0.008 0 0.966
1438867240.794538178 611.2 -33.1 26.7 0.257 -0.008 0 0.966
1438867240.821832221 611 -32.9 26.7 0.257 -0.008 0 0.966
1438867240.854538171 610.7 -32.8 26.7 0.257 -0.008 0 0.966
1438867240.884106252 610.4 -32.6 26.7 0.257 -0.008 0 0.966
1438867240.917442993 610.2 -32.5 26.7 0.257 -0.008 0 0.966
1438867240.944570372 609.9 -32.3 26.7 0.257 -0.008 0 0.966
1438867240.974914529 609.7 -32.2 26.7 0.257 -0.008 0 0.966
1438867241.004702301 609.4 -32 26.7 0.257 -0.008 0 0.966
1438867241.034669014 609.1 -31.9 26.7 0.257 -0.008 0 0.966
1438867241.064328087 608.9 -31.7 26.7 0.257 -0.008 0 0.966
1438867241.095035378 608.6 -31.6 26.7 0.257 -0.008 0 0.966
1438867241.130562409 608.3 -31.4 26.7 0.257 -0.008 0 0.966
1438867241.160932398 608.1 -31.2 26.6 0.257 -0.008 0 0.966
1438867241.191245841 607.8 -31.1 26.6 0.257 -0.008 0 0.966
1438867241.223139047 607.5 -30.9 26.6 0.257 -0.008 0 0.966
1438867241.250886623 607.3 -30.8 26.6 0.257 -0.008 0 0.966
1438867241.283629632 607 -30.6 26.6 0.257 -0.008 0 0.966
1438867241.310899641 606.7 -30.5 26.6 0.257 -0.008 0 0.966
1438867241.343624759 606.5 -30.3 26.6 0.257 -0.008 0 0.966
1438867241.370258101 606.2 -30.2 26.6 0.257 -0.008 0 0.966
1438867241.403630644 606 -30 26.6 0.257 -0.008 0 0.966
1438867241.433798283 605.7 -29.9 26.5 0.257 -0.008 0 0.966
1438867241.464183705 605.4 -29.7 26.5 0.257 -0.008 0 0.966
1438867241.493983634 605.2 -29.6 26.5 0.257 -0.008 0 0.966
1438867241.523984501 604.9 -29.4 26.5 0.257 -0.008 0 0.966
1438867241.550872164 604.6 -29.3 26.5 0.257 -0.008 0 0.966
1438867241.583756031 604.4 -29.1 26.5 0.257 -0.008 0 0.966
1438867241.611159208 604.1 -29 26.5 0.257 -0.008 0 0.966
1438867241.643456169 603.9 -28.8 26.5 0.257 -0.008 0 0.966
1438867241.673947497 603.6 -28.7 26.5 0.257 -0.008 0 0.966
1438867241.706711871 603.4 -28.6 26.5 0.257 -0.008 0 0.966
1438867241.733280108 603.1 -28.4 26.5 0.257 -0.008 0 0.966
1438867241.766642622 602.8 -28.2 26.5 0.257 -0.008 0 0.966
1438867241.796645568 602.5 -28.1 26.5 0.257 -0.008 0 0.966
1438867241.829438413 602.3 -27.9 26.4 0.257 -0.008 0 0.966
1438867241.856787088 602 -27.8 26.4 0.257 -0.008 0 0.966
1438867241.889555653 601.8 -27.6 26.4 0.257 -0.008 0 0.966
1438867241.916356794 601.5 -27.4 26.4 0.257 -0.008 0 0.966
1438867241.950244979 601.3 -27.3 26.4 0.257 -0.008 0 0.966
1438867241.976833533 601 -27.2 26.4 0.257 -0.008 0 0.966
1438867242.007201570 600.7 -27 26.4 0.257 -0.008 0 0.966
1438867242.037133418 600.4 -26.9 26.4 0.257 -0.008 0 0.966
1438867242.069082235 600.2 -26.7 26.4 0.257 -0.008 0 0.966
1438867242.096837733 599.9 -26.6 26.4 0.257 -0.008 0 0.966
1438867242.130023409 599.7 -26.4 26.3 0.257 -0.008 0 0.966
1438867242.156874302 599.4 -26.3 26.3 0.257 -0.008 0 0.966
1438867242.189699647 599.1 -26.1 26.3 0.257 -0.008 0 0.966
1438867242.220092987 598.9 -26 26.3 0.257 -0.008 0 0.966
1438867242.249968978 598.6 -25.8 26.3 0.257 -0.008 0 0.966
1438867242.279229632 598.3 -25.7 26.3 0.257 -0.008 0 0.966
1438867242.309628088 598.1 -25.5 26.3 0.257 -0.008 0 0.966
1438867242.339966841 597.8 -25.4 26.3 0.257 -0.008 0 0.966
1438867242.372468393 597.6 -25.2 26.3 0.257 -0.008 0 0.966
1438867242.399978716 597.3 -25.1 26.3 0.257 -0.008 0 0.966
1438867242.432319880 597 -24.9 26.3 0.257 -0.008 0 0.966
1438867242.460175193 596.8 -24.7 26.3 0.257 -0.008 0 0.966
1438867242.492464289 596.5 -24.6 26.3 0.257 -0.008 0 0.966
1438867242.519796234 596.2 -24.4 26.2 0.257 -0.008 0 0.966
1438867242.549768923 596 -24.3 26.2 0.257 -0.008 0 0.966
1438867242.579592316 595.7 -24.2 26.2 0.257 -0.008 0 0.966
1438867242.612692636 595.5 -24 26.2 0.257 -0.008 0 0.966
1438867242.639358804 595.2 -23.8 26.2 0.257 -0.008 0 0.966
1438867242.672032169 594.9 -23.7 26.2 0.257 -0.008 0 0.966
1438867242.699625667 594.7 -23.6 26.2 0.257 -0.008 0 0.966
1438867242.735365798 594.4 -23.4 26.2 0.257 -0.008 0 0.966
1438867242.765208712 594.1 -23.2 26.2 0.257 -0.008 0 0.966
1438867242.795676091 593.9 -23.1 26.2 0.257 -0.008 0 0.966
1438867242.825370884 593.6 -23 26.1 0.257 -0.008 0 0.966
1438867242.855094955 593.4 -22.8 26.1 0.257 -0.008 0 0.966
1438867242.885645912 593.1 -22.7 26.1 0.257 -0.008 0 0.966
654.255 15.3084 13.7722 0.503014 -0.00452336 0.00457607 0.864255
661.495 -11.8507 11.7734 0.599259 0.00719056 -0.00656933 0.800496
246
1438867284.520289656 -3.12053 -3.17043
1438867284.521918273 -3.1205 -3.16929
1438867284.531831968 -3.1206 -3.17039
1438867284.541682446 -3.12053 -3.17043
1438867284.551912519 -3.12055 -3.17147
1438867284.561889803 -3.12152 -3.16979
1438867284.571701807 -3.12053 -3.17043
1438867284.581997087 -3.11952 -3.16976
1438867284.591958433 -3.12053 -3.17026
1438867284.601720618 -3.12053 -3.17043
1438867284.612036108 -3.12056 -3.1714
1438867284.621922672 -3.11963 -3.17078
1438867284.631834834 -3.12054 -3.17138
1438867284.642112981 -3.11874 -3.17241
1438867284.651979241 -3.11673 -3.17127
1438867284.661819575 -3.11391 -3.16958
1438867284.671721200 -3.11191 -3.16843
1438867284.682007879 -3.10904 -3.16877
1438867284.691901124 -2.8308 -3.18693
1438867284.701713371 -2.15039 -3.2679
1438867284.712068834 -1.17642 -3.41549
1438867284.721906454 -0.311768 -3.53465
1438867284.731786571 0.25406 -3.53751
1438867284.741728293 0.537851 -3.54955
1438867284.751957205 0.811683 -3.56084
1438867284.761785539 1.15921 -3.57856
1438867284.771764833 1.31807 -3.57813
1438867284.781984992 1.37144 -3.59022
1438867284.791813932 1.45875 -3.60957
1438867284.801758044 1.55234 -3.6362
1438867284.812055640 1.52476 -3.63935
1438867284.821841968 1.6331 -3.66205
1438867284.831784222 1.77754 -3.6754
1438867284.842111587 1.9594 -3.64505
1438867284.851967453 1.89949 -3.52488
1438867284.861782725 1.85601 -3.3916
1438867284.872083809 1.88704 -3.31837
1438867284.881962722 1.94374 -3.35378
1438867284.891831327 1.91674 -3.42297
1438867284.901738049 1.93531 -3.50185
1438867284.912004899 1.8702 -3.55672
1438867284.921867078 1.93511 -3.59726
1438867284.931727152 1.91942 -3.59756
1438867284.942038167 1.92053 -3.59232
1438867284.951909594 1.83574 -3.58025
1438867284.961768009 1.85708 -3.57165
1438867284.971596489 1.966 -3.54249
1438867284.981965698 1.85804 -3.49626
1438867284.991838850 1.79893 -3.47056
1438867285.001701495 1.90406 -3.48351
1438867285.012017682 1.97061 -3.49503
1438867285.021932934 1.93358 -3.51113
1438867285.031822586 1.92449 -3.50624
1438867285.041720328 1.91676 -3.48994
1438867285.051932228 1.87917 -3.48339
1438867285.061840975 1.9029 -3.49876
1438867285.071686624 1.89136 -3.51841
1438867285.082007862 1.95696 -3.52612
1438867285.091830216 1.9084 -3.49513
1438867285.101752033 1.89744 -3.42732
1438867285.112109679 1.96057 -3.35819
1438867285.121909272 1.91006 -3.31707
1438867285.131732194 1.90018 -3.30836
1438867285.142057896 1.92165 -3.29586
1438867285.151973162 1.94486 -3.25871
1438867285.161797958 1.96938 -3.21646
1438867285.171689615 1.9232 -3.21093
1438867285.182005395 1.9197 -3.26822
1438867285.191809755 1.90498 -3.33093
1438867285.201713666 2.00094 -3.37711
1438867285.211994111 2.00086 -3.38358
1438867285.221877823 1.96898 -3.36923
1438867285.231744166 1.95225 -3.3348
1438867285.242145673 1.91898 -3.30099
1438867285.251908219 1.96737 -3.27886
1438867285.261867495 1.94221 -3.27104
1438867285.271750681 1.97819 -3.29632
1438867285.282243883 2.02025 -3.32014
1438867285.291866619 2.0174 -3.35255
1438867285.302022177 1.98292 -3.36795
1438867285.312314161 2.04314 -3.3759
1438867285.321844856 2.02949 -3.37425
1438867285.331859594 2.03648 -3.36918
1438867285.342304050 2.09961 -3.35602
1438867285.351865437 2.06203 -3.34675
1438867285.362141394 2.07895 -3.34278
1438867285.372444937 2.15482 -3.33893
1438867285.382191316 2.10216 -3.3226
1438867285.391948540 2.10736 -3.32394
1438867285.402369297 2.17506 -3.31968
1438867285.412214065 2.23968 -3.31208
1438867285.421986844 2.27042 -3.28584
1438867285.431711561 2.28651 -3.24476
1438867285.441576347 2.31021 -3.22041
1438867285.451945301 2.35289 -3.19163
1438867285.461756874 2.39664 -3.19648
1438867285.472293069 2.45133 -3.16895
1438867285.482130634 2.55391 -3.16016
1438867285.492160208 2.44468 -3.17651
1438867285.501699627 2.51361 -3.24584
1438867285.511998141 2.57263 -3.28609
1438867285.522182200 2.64456 -3.29432
1438867285.532084730 2.65676 -3.30263
1438867285.542264982 2.62159 -3.31922
1438867285.552151816 2.69578 -3.34113
1438867285.562041091 2.69635 -3.3455
1438867285.572233330 2.70282 -3.34298
1438867285.582303483 2.70556 -3.32803
1438867285.592019993 2.69973 -3.29974
1438867285.601711868 2.7354 -3.27322
1438867285.612009705 2.75363 -3.27211
1438867285.621913063 2.76579 -3.28591
1438867285.631728694 2.83523 -3.27968
1438867285.642053551 2.77935 -3.27671
1438867285.652194419 2.70492 -3.27419
1438867285.661866666 2.67058 -3.29861
1438867285.672182282 2.5401 -3.30784
1438867285.681959718 2.55038 -3.32925
1438867285.691846289 2.51788 -3.33112
1438867285.701962886 2.65072 -3.32623
1438867285.712296166 2.67774 -3.30241
1438867285.721843135 2.65789 -3.26152
1438867285.731717439 2.63986 -3.24599
1438867285.742041939 2.61956 -3.25625
1438867285.751907982 2.64183 -3.26715
1438867285.761750509 2.58614 -3.25751
1438867285.772103518 2.43682 -3.24675
1438867285.781926137 2.39986 -3.25848
1438867285.791811445 2.43917 -3.27051
1438867285.801672930 2.52981 -3.22777
1438867285.811955269 2.48828 -3.14589
1438867285.821871426 2.51197 -3.00302
1438867285.831719632 2.55224 -2.86344
1438867285.842042622 2.46439 -2.78172
1438867285.851873698 2.42701 -2.82367
1438867285.861762225 2.44865 -2.88951
1438867285.871652234 2.47765 -2.94395
1438867285.881943792 2.43982 -2.97425
1438867285.891809129 2.39243 -2.9927
1438867285.901756644 2.36835 -3.00304
1438867285.912092068 2.38437 -3.02776
1438867285.921913038 2.35627 -3.04161
1438867285.931843532 2.35075 -3.05991
1438867285.942508376 2.45104 -3.04046
1438867285.952182482 2.57147 -3.03657
1438867285.962044575 2.49427 -3.00132
1438867285.971885432 2.60261 -3.01756
1438867285.982114237 2.59902 -3.06675
1438867285.992084162 2.65877 -3.08964
1438867286.002145988 2.67526 -3.0934
1438867286.012099831 2.69597 -3.06523
1438867286.022011952 2.79615 -3.05873
1438867286.031952616 2.7131 -3.0295
1438867286.042341860 2.8935 -3.00055
1438867286.052200473 2.95537 -2.97417
1438867286.061799226 3.00968 -2.88917
1438867286.072128473 3.08794 -2.86302
1438867286.081976628 2.97596 -2.80384
1438867286.091864067 3.11721 -2.81577
1438867286.102015112 2.96345 -2.78119
1438867286.112328396 3.09471 -2.72968
1438867286.122088819 3.20802 -2.73676
1438867286.132023558 3.12759 -2.72162
1438867286.142350825 3.19587 -2.74833
1438867286.151874178 3.16567 -2.82843
1438867286.162024131 3.07738 -2.85627
1438867286.172366682 3.15385 -2.89301
1438867286.182155926 3.0812 -2.90488
1438867286.192079735 3.19947 -2.90359
1438867286.201949210 3.18019 -2.87147
1438867286.211921718 3.18697 -2.86479
1438867286.221962317 3.12105 -2.84552
1438867286.232035434 3.11772 -2.79558
1438867286.241990989 3.12358 -2.81962
1438867286.252279078 3.13637 -2.75419
1438867286.262041219 3.06506 -2.72562
1438867286.272017178 3.04263 -2.76182
1438867286.281995266 3.00062 -2.73778
1438867286.291835307 3.02046 -2.79037
1438867286.301646556 2.88836 -2.82938
1438867286.312054468 2.78834 -2.86563
1438867286.321856562 2.83288 -2.90652
1438867286.331956777 2.73227 -2.93156
1438867286.342269214 2.63946 -2.93188
1438867286.352133425 2.63903 -2.8947
1438867286.362041760 2.72789 -2.89508
1438867286.372178761 2.661 -2.82747
1438867286.382154445 2.78287 -2.8328
1438867286.392066953 2.79277 -2.76555
1438867286.401837068 2.84233 -2.72408
1438867286.412210110 2.84255 -2.64997
1438867286.422105464 2.85927 -2.56935
1438867286.431692398 2.87635 -2.49077
1438867286.442031463 2.85472 -2.42915
1438867286.452117693 2.86441 -2.36911
1438867286.462013117 2.95464 -2.32454
1438867286.471997210 2.95674 -2.29174
1438867286.482256937 2.89642 -2.27739
1438867286.491776893 2.95459 -2.25716
1438867286.502355229 3.09156 -2.21856
1438867286.512157968 3.12474 -2.19654
1438867286.521793864 3.10127 -2.18921
1438867286.531772985 3.11077 -2.17312
1438867286.542324880 3.16495 -2.15022
1438867286.551871815 3.15244 -2.14607
1438867286.561771035 3.14551 -2.17433
1438867286.572330479 3.14127 -2.19996
1438867286.582166381 3.14012 -2.21087
1438867286.592079916 3.12526 -2.21852
1438867286.602357494 3.14515 -2.20886
1438867286.612163616 3.16838 -2.17252
1438867286.622285352 3.19758 -2.14423
1438867286.631921547 3.18692 -2.13196
1438867286.641976348 3.22804 -2.11829
1438867286.652015394 3.21583 -2.10566
1438867286.661764770 3.18144 -2.12595
1438867286.671713078 3.17665 -2.16533
1438867286.681995307 3.16805 -2.18834
1438867286.692124428 3.05283 -2.20744
1438867286.702057411 3.01033 -2.20831
1438867286.712002574 3.0247 -2.17681
1438867286.722150059 3.04868 -2.14986
1438867286.732246020 3.01066 -2.12198
1438867286.742120506 3.05807 -2.09227
1438867286.751896444 3.09689 -2.06909
1438867286.762044337 3.09675 -2.0603
1438867286.772280803 3.10514 -2.04483
1438867286.782152256 3.18569 -2.00003
1438867286.792006960 3.15221 -1.9475
1438867286.801683351 3.12153 -1.92333
1438867286.812014932 3.13336 -1.90317
1438867286.821773786 3.18462 -1.88697
1438867286.831675826 3.1964 -1.8793
1438867286.842067962 3.16028 -1.88957
1438867286.851900851 3.11722 -1.89108
1438867286.861773668 3.11505 -1.89072
1438867286.872105910 3.08554 -1.88482
1438867286.881910520 3.01454 -1.86756
1438867286.891782875 2.98378 -1.85197
1438867286.902096850 2.98141 -1.85324
1438867286.912062986 2.94892 -1.87923
1438867286.922109017 2.8612 -1.90569
1438867286.931968257 2.87144 -1.92114
1438867286.941989006 2.83814 -1.90849
1438867286.951834000 2.74788 -1.89192
1438867286.961737717 2.71362 -1.90998
81
1438867284.520291102 558.8 74.8 25.2 0.929 0 -0.003 -0.37
1438867284.543157692 558.8 74.8 25.2 0.929 0 -0.003 -0.37
1438867284.576193470 558.8 74.8 25.2 0.929 0 -0.003 -0.37
1438867284.604016746 558.8 74.8 25.2 0.929 0 -0.003 -0.37
1438867284.633874990 558.8 74.8 25.2 0.929 0 -0.003 -0.37
1438867284.663702485 558.9 74.7 25.2 0.929 0 -0.003 -0.37
1438867284.693589442 559.1 74.6 25.2 0.929 0 -0.003 -0.37
1438867284.723656193 559.3 74.3 25.2 0.929 0 -0.003 -0.37
1438867284.756866633 559.5 74.1 25.2 0.929 0 -0.003 -0.37
1438867284.786914574 559.8 73.9 25.2 0.929 0 -0.003 -0.37
1438867284.816696786 560 73.7 25.2 0.929 0 -0.003 -0.37
1438867284.846363722 560.2 73.5 25.2 0.929 0 -0.003 -0.37
1438867284.876024432 560.4 73.3 25.2 0.929 0 -0.003 -0.37
1438867284.906426816 560.7 73.1 25.2 0.929 0 -0.003 -0.37
1438867284.939218803 560.9 72.9 25.2 0.929 0 -0.003 -0.37
1438867284.966656808 561.1 72.6 25.2 0.929 0 -0.003 -0.37
1438867284.999434865 561.3 72.4 25.2 0.929 0 -0.003 -0.37
1438867285.026206403 561.5 72.2 25.2 0.929 0 -0.003 -0.37
1438867285.059501908 561.7 72 25.2 0.929 0 -0.003 -0.37
1438867285.086194612 561.9 71.8 25.2 0.929 0 -0.003 -0.37
1438867285.119363346 562.2 71.6 25.3 0.929 0 -0.003 -0.37
1438867285.146706834 562.4 71.4 25.3 0.929 0 -0.003 -0.37
1438867285.179340553 562.6 71.2 25.3 0.929 0 -0.003 -0.37
1438867285.209891624 562.9 70.9 25.3 0.929 0 -0.003 -0.37
1438867285.242542161 563.1 70.8 25.3 0.929 0 -0.003 -0.37
1438867285.269161956 563.3 70.5 25.3 0.929 0 -0.003 -0.37
1438867285.302732989 563.5 70.4 25.3 0.929 0 -0.003 -0.37
1438867285.329924095 563.7 70.1 25.3 0.929 0 -0.003 -0.37
1438867285.359920276 563.9 69.9 25.3 0.929 0 -0.003 -0.37
1438867285.390133642 564.2 69.7 25.3 0.929 0 -0.003 -0.37
1438867285.422624286 564.4 69.5 25.3 0.929 0 -0.003 -0.37
1438867285.452486350 564.6 69.3 25.3 0.929 0 -0.003 -0.37
1438867285.483056623 564.8 69.1 25.3 0.929 0 -0.003 -0.37
1438867285.512516979 565 68.9 25.3 0.929 0 -0.003 -0.37
1438867285.545921656 565.3 68.7 25.3 0.929 0 -0.003 -0.37
1438867285.572102147 565.5 68.5 25.3 0.929 0 -0.003 -0.37
1438867285.605889310 565.7 68.3 25.3 0.929 0 -0.003 -0.37
1438867285.635750824 565.9 68.1 25.3 0.929 0 -0.003 -0.37
1438867285.665745693 566.1 67.9 25.3 0.929 0 -0.003 -0.37
1438867285.696022691 566.4 67.7 25.3 0.929 0 -0.003 -0.37
1438867285.725677142 566.6 67.5 25.3 0.929 0 -0.003 -0.37
1438867285.755346024 566.8 67.2 25.3 0.929 0 -0.003 -0.37
1438867285.785172502 567 67 25.3 0.929 0 -0.003 -0.37
1438867285.815763702 567.3 66.8 25.3 0.929 0 -0.003 -0.37
1438867285.845190789 567.5 66.6 25.3 0.929 0 -0.003 -0.37
1438867285.875705011 567.7 66.4 25.3 0.929 0 -0.003 -0.37
1438867285.905860507 567.9 66.2 25.3 0.929 0 -0.003 -0.37
1438867285.936182965 568.1 66 25.3 0.929 0 -0.003 -0.37
1438867285.968793750 568.3 65.8 25.3 0.929 0 -0.003 -0.37
1438867285.998433983 568.6 65.6 25.4 0.929 0 -0.003 -0.37
1438867286.028774052 568.8 65.4 25.4 0.929 0 -0.003 -0.37
1438867286.055869769 569 65.2 25.4 0.929 0 -0.003 -0.37
1438867286.088042144 569.2 65 25.4 0.929 0 -0.003 -0.37
1438867286.118620826 569.5 64.8 25.4 0.929 0 -0.003 -0.37
1438867286.148279788 569.7 64.5 25.4 0.929 0 -0.003 -0.37
1438867286.175717725 569.9 64.3 25.4 0.929 0 -0.003 -0.37
1438867286.208537857 570.1 64.1 25.4 0.929 0 -0.003 -0.37
1438867286.238703403 570.3 63.9 25.4 0.929 0 -0.003 -0.37
1438867286.268469444 570.5 63.7 25.4 0.929 0 -0.003 -0.37
1438867286.298060720 570.8 63.5 25.4 0.929 0 -0.003 -0.37
1438867286.331664281 571 63.3 25.4 0.929 0 -0.003 -0.37
1438867286.358765219 571.2 63.1 25.4 0.929 0 -0.003 -0.37
1438867286.394393369 571.4 62.9 25.4 0.929 0 -0.003 -0.37
1438867286.421863555 571.7 62.6 25.4 0.929 0 -0.003 -0.37
1438867286.455282135 571.9 62.4 25.4 0.929 0 -0.003 -0.37
1438867286.482235708 572.1 62.2 25.4 0.929 0 -0.003 -0.37
1438867286.514943008 572.3 62 25.4 0.929 0 -0.003 -0.37
1438867286.544469231 572.6 61.8 25.4 0.929 0 -0.003 -0.37
1438867286.577963590 572.8 61.6 25.4 0.929 0 -0.003 -0.37
1438867286.604762766 573 61.4 25.4 0.929 0 -0.003 -0.37
1438867286.638126564 573.2 61.2 25.4 0.929 0 -0.003 -0.37
1438867286.664700894 573.4 61 25.4 0.929 0 -0.003 -0.37
1438867286.694794327 573.6 60.8 25.4 0.929 0 -0.003 -0.37
1438867286.724936651 573.9 60.6 25.4 0.929 0 -0.003 -0.37
1438867286.754871770 574.1 60.4 25.4 0.929 0 -0.003 -0.37
1438867286.784841881 574.3 60.1 25.4 0.929 0 -0.003 -0.37
1438867286.817745774 574.5 60 25.4 0.929 0 -0.003 -0.37
1438867286.844366632 574.7 59.8 25.4 0.929 0 -0.003 -0.37
1438867286.874954695 574.9 59.6 25.4 0.929 0 -0.003 -0.37
1438867286.904822911 575.2 59.3 25.5 0.929 0 -0.003 -0.37
1438867286.934804044 575.4 59.1 25.5 0.929 0 -0.003 -0.37
