30
562.471 43.7192 14.8961 0.999738 -0.00619872 0.0065702 0.0210287
570.564 54.3887 13.3607 0.997173 0.00582291 -0.00419533 -0.0748019
0
83
1438883698.044485037 557.1 125.7 26.4 0.985 0 0.004 0.17
1438883698.055284250 557.1 125.7 26.4 0.985 0 0.004 0.17
1438883698.085015084 557.1 125.7 26.4 0.985 0 0.004 0.17
1438883698.115838201 557.1 125.7 26.4 0.985 0 0.004 0.17
1438883698.145759312 557.1 125.7 26.4 0.985 0 0.004 0.17
1438883698.178527237 557.2 125.7 26.4 0.985 0 0.004 0.17
1438883698.205533048 557.5 125.8 26.4 0.985 0 0.004 0.17
1438883698.238950651 557.7 125.9 26.4 0.985 0 0.004 0.17
1438883698.265197530 558 126 26.4 0.985 0 0.004 0.17
1438883698.298817124 558.3 126.1 26.4 0.985 0 0.004 0.17
1438883698.325762197 558.6 126.2 26.4 0.985 0 0.004 0.17
1438883698.358613552 558.9 126.3 26.4 0.985 0 0.004 0.17
1438883698.388577286 559.2 126.4 26.4 0.985 0 0.004 0.17
1438883698.419200294 559.4 126.5 26.3 0.985 0 0.004 0.17
1438883698.448891682 559.7 126.6 26.3 0.985 0 0.004 0.17
1438883698.478689828 560 126.7 26.3 0.985 0 0.004 0.17
1438883698.508389803 560.3 126.8 26.3 0.985 0 0.004 0.17
1438883698.541303764 560.6 126.9 26.3 0.985 0 0.004 0.17
1438883698.571244071 560.9 127 26.3 0.985 0 0.004 0.17
1438883698.604254466 561.1 127.1 26.3 0.985 0 0.004 0.17
1438883698.631800988 561.4 127.2 26.3 0.985 0 0.004 0.17
1438883698.661586144 561.7 127.3 26.3 0.985 0 0.004 0.17
1438883698.691178635 562 127.4 26.3 0.985 0 0.004 0.17
1438883698.721099888 562.3 127.5 26.3 0.985 0 0.004 0.17
1438883698.750908350 562.6 127.6 26.3 0.985 0 0.004 0.17
1438883698.781668283 562.8 127.7 26.3 0.985 0 0.004 0.17
1438883698.811681868 563.1 127.8 26.3 0.985 0 0.004 0.17
1438883698.844884024 563.4 127.9 26.3 0.985 0 0.004 0.17
1438883698.871727545 563.7 128 26.3 0.985 0 0.004 0.17
1438883698.904637367 564 128.1 26.3 0.985 0 0.004 0.17
1438883698.934456744 564.3 128.2 26.3 0.985 0 0.004 0.17
1438883698.964429284 564.6 128.3 26.3 0.985 0 0.004 0.17
1438883698.994298265 564.9 128.5 26.3 0.985 0 0.004 0.17
1438883699.024207035 565.1 128.5 26.3 0.985 0 0.004 0.17
1438883699.051820527 565.4 128.7 26.3 0.985 0 0.004 0.17
1438883699.084592839 565.7 128.8 26.3 0.985 0 0.004 0.17
1438883699.114125799 566 128.9 26.3 0.985 0 0.004 0.17
1438883699.144859502 566.3 128.9 26.2 0.985 0 0.004 0.17
1438883699.174467013 566.6 129.1 26.2 0.985 0 0.004 0.17
1438883699.204189802 566.8 129.2 26.2 0.985 0 0.004 0.17
1438883699.231895655 567.1 129.3 26.2 0.985 0 0.004 0.17
1438883699.264776834 567.4 129.4 26.2 0.985 0 0.004 0.17
1438883699.294370966 567.7 129.5 26.2 0.985 0 0.004 0.17
1438883699.324028062 567.9 129.5 26.2 0.985 0 0.004 0.17
1438883699.351611332 568.2 129.7 26.2 0.985 0 0.004 0.17
1438883699.384793602 568.5 129.8 26.2 0.985 0 0.004 0.17
1438883699.411939818 568.8 129.9 26.2 0.985 0 0.004 0.17
1438883699.444419324 569.1 130 26.2 0.985 0 0.004 0.17
1438883699.474374607 569.4 130.1 26.2 0.985 0 0.004 0.17
1438883699.507388020 569.7 130.2 26.2 0.985 0 0.004 0.17
1438883699.533832847 570 130.3 26.2 0.985 0 0.004 0.17
1438883699.564791984 570.2 130.3 26.2 0.985 0 0.004 0.17
1438883699.594798555 570.5 130.5 26.2 0.985 0 0.004 0.17
1438883699.624640053 570.8 130.5 26.2 0.985 0 0.004 0.17
1438883699.654425108 571.1 130.7 26.2 0.985 0 0.004 0.17
1438883699.684148614 571.4 130.7 26.2 0.985 0 0.004 0.17
1438883699.714086174 571.7 130.9 26.2 0.985 0 0.004 0.17
1438883699.747184164 571.9 131 26.2 0.985 0 0.004 0.17
1438883699.774010442 572.2 131.1 26.2 0.985 0 0.004 0.17
1438883699.804719483 572.5 131.2 26.2 0.985 0 0.004 0.17
1438883699.834465546 572.8 131.3 26.2 0.985 0 0.004 0.17
1438883699.867383981 573.1 131.4 26.2 0.985 0 0.004 0.17
1438883699.897129745 573.4 131.5 26.2 0.985 0 0.004 0.17
1438883699.926995592 573.7 131.6 26.1 0.985 0 0.004 0.17
1438883699.957539963 573.9 131.7 26.1 0.985 0 0.004 0.17
1438883699.987182726 574.2 131.8 26.1 0.985 0 0.004 0.17
1438883700.014748682 574.5 131.9 26.1 0.985 0 0.004 0.17
1438883700.047644048 574.8 132 26.1 0.985 0 0.004 0.17
1438883700.077252397 575.1 132.1 26.1 0.985 0 0.004 0.17
1438883700.107114806 575.3 132.2 26.1 0.985 0 0.004 0.17
1438883700.134788081 575.6 132.3 26.1 0.985 0 0.004 0.17
1438883700.167842988 575.9 132.4 26.1 0.985 0 0.004 0.17
1438883700.197487362 576.2 132.5 26.1 0.985 0 0.004 0.17
1438883700.228005812 576.5 132.6 26.1 0.985 0 0.004 0.17
1438883700.257662941 576.8 132.7 26.1 0.985 0 0.004 0.17
1438883700.290618671 577 132.8 26.1 0.985 0 0.004 0.17
1438883700.317805638 577.4 132.9 26.1 0.985 0 0.004 0.17
1438883700.350700728 577.6 133 26.1 0.985 0 0.004 0.17
1438883700.377271737 577.9 133.1 26.1 0.985 0 0.004 0.17
1438883700.409967931 578.2 133.2 26.1 0.985 0 0.004 0.17
1438883700.437820121 578.5 133.3 26.1 0.985 0 0.004 0.17
1438883700.471163728 578.8 133.4 26.1 0.985 0 0.004 0.17
1438883700.500522036 579.1 133.5 26 0.985 0 0.004 0.17
570.569 54.3706 13.371 0.997175 0.00565267 -0.00420589 -0.0747866
568.491 62.864 15.5319 0.981964 -0.0228353 0.00949225 -0.187445
0
82
1438883727.861327666 586.5 173.1 27.3 1 0 -0.002 -0.021
1438883727.896363058 586.5 173.1 27.3 1 0 -0.002 -0.021
1438883727.923811519 586.5 173.1 27.3 1 0 -0.002 -0.021
1438883727.953349907 586.5 173.1 27.3 1 0 -0.002 -0.021
1438883727.983314880 586.6 173.1 27.3 1 0 -0.002 -0.021
1438883728.016414320 586.8 173.1 27.3 1 0 -0.002 -0.021
1438883728.046440213 587.1 173.1 27.3 1 0 -0.002 -0.021
1438883728.079608779 587.4 173.1 27.3 1 0 -0.002 -0.021
1438883728.106357987 587.7 173.1 27.3 1 0 -0.002 -0.021
1438883728.139314075 588 173 27.3 1 0 -0.002 -0.021
1438883728.165865988 588.3 173 27.3 1 0 -0.002 -0.021
1438883728.199712611 588.6 173 27.3 1 0 -0.002 -0.021
1438883728.226252621 588.9 173 27.3 1 0 -0.002 -0.021
1438883728.259008128 589.2 173 27.3 1 0 -0.002 -0.021
1438883728.286570406 589.5 173 27.3 1 0 -0.002 -0.021
1438883728.322649411 589.9 173 27.3 1 0 -0.002 -0.021
1438883728.352613849 590.2 173 27.3 1 0 -0.002 -0.021
1438883728.382326682 590.5 172.9 27.3 1 0 -0.002 -0.021
1438883728.415630516 590.8 172.9 27.3 1 0 -0.002 -0.021
1438883728.445593677 591.1 172.9 27.3 1 0 -0.002 -0.021
1438883728.475155329 591.4 172.9 27.3 1 0 -0.002 -0.021
1438883728.508326080 591.7 172.9 27.3 1 0 -0.002 -0.021
1438883728.534999220 592 172.9 27.3 1 0 -0.002 -0.021
1438883728.567964827 592.3 172.9 27.4 1 0 -0.002 -0.021
1438883728.595505850 592.6 172.8 27.3 1 0 -0.002 -0.021
1438883728.628488973 592.9 172.8 27.4 1 0 -0.002 -0.021
1438883728.658127268 593.2 172.8 27.3 1 0 -0.002 -0.021
1438883728.688000358 593.5 172.8 27.3 1 0 -0.002 -0.021
1438883728.720862483 593.8 172.8 27.3 1 0 -0.002 -0.021
1438883728.751821408 594.1 172.8 27.3 1 0 -0.002 -0.021
1438883728.778590989 594.4 172.8 27.3 1 0 -0.002 -0.021
1438883728.811878150 594.7 172.7 27.4 1 0 -0.002 -0.021
1438883728.838358676 595.1 172.7 27.4 1 0 -0.002 -0.021
1438883728.871235708 595.3 172.7 27.4 1 0 -0.002 -0.021
1438883728.901847177 595.7 172.7 27.4 1 0 -0.002 -0.021
1438883728.934708925 596 172.7 27.4 1 0 -0.002 -0.021
1438883728.961204897 596.3 172.7 27.4 1 0 -0.002 -0.021
1438883728.993992719 596.5 172.7 27.4 1 0 -0.002 -0.021
1438883729.021536964 596.9 172.7 27.4 1 0 -0.002 -0.021
1438883729.054330361 597.2 172.7 27.4 1 0 -0.002 -0.021
1438883729.081812107 597.5 172.7 27.4 1 0 -0.002 -0.021
1438883729.114681607 597.8 172.7 27.4 1 0 -0.002 -0.021
1438883729.141242062 598.1 172.6 27.4 1 0 -0.002 -0.021
1438883729.174014648 598.3 172.6 27.4 1 0 -0.002 -0.021
1438883729.201489269 598.7 172.6 27.4 1 0 -0.002 -0.021
1438883729.234383906 599 172.6 27.4 1 0 -0.002 -0.021
1438883729.264029052 599.3 172.6 27.4 1 0 -0.002 -0.021
1438883729.297867895 599.6 172.6 27.4 1 0 -0.002 -0.021
1438883729.327499421 599.9 172.5 27.4 1 0 -0.002 -0.021
1438883729.357232848 600.2 172.5 27.4 1 0 -0.002 -0.021
1438883729.384687682 600.5 172.5 27.4 1 0 -0.002 -0.021
1438883729.417578546 600.8 172.5 27.4 1 0 -0.002 -0.021
1438883729.447110048 601.1 172.5 27.4 1 0 -0.002 -0.021
1438883729.477348964 601.4 172.5 27.4 1 0 -0.002 -0.021
1438883729.506980339 601.7 172.5 27.4 1 0 -0.002 -0.021
1438883729.537534310 602 172.5 27.4 1 0 -0.002 -0.021
1438883729.567158791 602.3 172.5 27.4 1 0 -0.002 -0.021
1438883729.597814240 602.6 172.5 27.4 1 0 -0.002 -0.021
1438883729.627570826 602.9 172.4 27.4 1 0 -0.002 -0.021
1438883729.660362981 603.2 172.4 27.4 1 0 -0.002 -0.021
1438883729.687659576 603.5 172.4 27.4 1 0 -0.002 -0.021
1438883729.720472449 603.8 172.4 27.4 1 0 -0.002 -0.021
1438883729.750207159 604.2 172.4 27.4 1 0 -0.002 -0.021
1438883729.780024496 604.4 172.4 27.4 1 0 -0.002 -0.021
1438883729.810663555 604.8 172.4 27.4 1 0 -0.002 -0.021
1438883729.840388041 605.1 172.3 27.4 1 0 -0.002 -0.021
1438883729.870024623 605.4 172.3 27.4 1 0 -0.002 -0.021
1438883729.900756169 605.6 172.3 27.4 1 0 -0.002 -0.021
1438883729.927232931 605.9 172.3 27.4 1 0 -0.002 -0.021
1438883729.960025960 606.2 172.3 27.4 1 0 -0.002 -0.021
1438883729.987306998 606.5 172.3 27.4 1 0 -0.002 -0.021
1438883730.020870041 606.8 172.3 27.4 1 0 -0.002 -0.021
1438883730.047273454 607.1 172.3 27.5 1 0 -0.002 -0.021
1438883730.079966868 607.4 172.2 27.5 1 0 -0.002 -0.021
1438883730.110665590 607.7 172.2 27.5 1 0 -0.002 -0.021
1438883730.143531007 608 172.2 27.5 1 0 -0.002 -0.021
1438883730.170005609 608.3 172.2 27.5 1 0 -0.002 -0.021
1438883730.203852751 608.7 172.2 27.5 1 0 -0.002 -0.021
1438883730.233523585 609 172.2 27.5 1 0 -0.002 -0.021
1438883730.263191219 609.3 172.2 27.5 1 0 -0.002 -0.021
1438883730.293854224 609.6 172.2 27.5 1 0 -0.002 -0.021
1438883730.326738516 609.9 172.2 27.5 1 0 -0.002 -0.021
568.488 62.8512 15.5384 0.981954 -0.0229755 0.00947366 -0.187479
584.215 59.8059 13.6273 0.995886 0.00623354 0.00268531 -0.0903594
0
82
1438883756.359680403 633.3 35.5 27.4 0.974 0 0.011 0.224
1438883756.393675781 633.3 35.5 27.4 0.974 0 0.011 0.224
1438883756.420809133 633.3 35.5 27.4 0.974 0 0.011 0.224
1438883756.453582128 633.3 35.5 27.4 0.974 0 0.011 0.224
1438883756.483344275 633.3 35.5 27.4 0.974 0 0.011 0.224
1438883756.519484067 633.6 35.6 27.4 0.974 0 0.011 0.224
1438883756.546232791 633.8 35.7 27.4 0.974 0 0.011 0.224
1438883756.579056138 634.1 35.9 27.4 0.974 0 0.011 0.224
1438883756.606514917 634.4 36 27.4 0.974 0 0.011 0.224
1438883756.639148528 634.6 36.1 27.3 0.974 0 0.011 0.224
1438883756.669040076 634.9 36.3 27.3 0.974 0 0.011 0.224
1438883756.702432496 635.2 36.4 27.3 0.974 0 0.011 0.224
1438883756.729704336 635.4 36.5 27.3 0.974 0 0.011 0.224
1438883756.763283413 635.7 36.7 27.3 0.974 0 0.011 0.224
1438883756.792665747 636 36.8 27.3 0.974 0 0.011 0.224
1438883756.822890848 636.2 36.9 27.3 0.974 0 0.011 0.224
1438883756.852557544 636.5 37.1 27.3 0.974 0 0.011 0.224
1438883756.882570235 636.8 37.2 27.2 0.974 0 0.011 0.224
1438883756.915573485 637.1 37.3 27.2 0.974 0 0.011 0.224
1438883756.948739095 637.4 37.5 27.2 0.974 0 0.011 0.224
1438883756.975172193 637.6 37.6 27.2 0.974 0 0.011 0.224
1438883757.007962976 637.9 37.8 27.2 0.974 0 0.011 0.224
1438883757.035637136 638.2 37.9 27.2 0.974 0 0.011 0.224
1438883757.068635769 638.5 38 27.2 0.974 0 0.011 0.224
1438883757.098506995 638.7 38.1 27.1 0.974 0 0.011 0.224
1438883757.128145074 639 38.3 27.1 0.974 0 0.011 0.224
1438883757.158752050 639.3 38.4 27.1 0.974 0 0.011 0.224
1438883757.191590167 639.6 38.5 27.1 0.974 0 0.011 0.224
1438883757.221383093 639.9 38.7 27.1 0.974 0 0.011 0.224
1438883757.254908678 640.1 38.8 27.1 0.974 0 0.011 0.224
1438883757.284869797 640.5 39 27.1 0.974 0 0.011 0.224
1438883757.316964823 640.7 39.1 27.1 0.974 0 0.011 0.224
1438883757.344530110 641 39.2 27.1 0.974 0 0.011 0.224
1438883757.377379923 641.2 39.3 27 0.974 0 0.011 0.224
1438883757.404076424 641.5 39.5 27 0.974 0 0.011 0.224
1438883757.437254462 641.7 39.6 27 0.974 0 0.011 0.224
1438883757.467036980 642.1 39.8 27 0.974 0 0.011 0.224
1438883757.500629517 642.3 39.9 27 0.974 0 0.011 0.224
1438883757.530617252 642.6 40 27 0.974 0 0.011 0.224
1438883757.560479512 642.9 40.1 27 0.974 0 0.011 0.224
1438883757.590505830 643.2 40.3 27 0.974 0 0.011 0.224
1438883757.620474973 643.4 40.4 26.9 0.974 0 0.011 0.224
1438883757.650440828 643.7 40.6 26.9 0.974 0 0.011 0.224
1438883757.680454839 644 40.7 26.9 0.974 0 0.011 0.224
1438883757.710192232 644.3 40.8 26.9 0.974 0 0.011 0.224
1438883757.743126364 644.5 41 26.9 0.974 0 0.011 0.224
1438883757.770651445 644.8 41.1 26.9 0.974 0 0.011 0.224
1438883757.800361315 645.1 41.2 26.9 0.974 0 0.011 0.224
1438883757.830099693 645.3 41.3 26.9 0.974 0 0.011 0.224
1438883757.863090483 645.6 41.5 26.8 0.974 0 0.011 0.224
1438883757.890915597 645.9 41.6 26.8 0.974 0 0.011 0.224
1438883757.926262997 646.1 41.7 26.8 0.974 0 0.011 0.224
1438883757.953294717 646.4 41.9 26.8 0.974 0 0.011 0.224
1438883757.986199154 646.7 42 26.8 0.974 0 0.011 0.224
1438883758.013704106 647 42.2 26.8 0.974 0 0.011 0.224
1438883758.046677436 647.2 42.3 26.8 0.974 0 0.011 0.224
1438883758.076427374 647.5 42.4 26.8 0.974 0 0.011 0.224
1438883758.109281338 647.8 42.6 26.7 0.974 0 0.011 0.224
1438883758.136013992 648.1 42.7 26.7 0.974 0 0.011 0.224
1438883758.168826968 648.3 42.8 26.7 0.974 0 0.011 0.224
1438883758.199555935 648.6 42.9 26.7 0.974 0 0.011 0.224
1438883758.232550835 648.9 43.1 26.7 0.974 0 0.011 0.224
1438883758.259233410 649.2 43.2 26.7 0.974 0 0.011 0.224
1438883758.289028684 649.4 43.3 26.7 0.974 0 0.011 0.224
1438883758.319837331 649.7 43.5 26.7 0.974 0 0.011 0.224
1438883758.349585341 650 43.6 26.7 0.974 0 0.011 0.224
1438883758.379171520 650.3 43.7 26.6 0.974 0 0.011 0.224
1438883758.412122089 650.5 43.9 26.6 0.974 0 0.011 0.224
1438883758.439467100 650.8 44 26.6 0.974 0 0.011 0.224
1438883758.472324816 651.1 44.1 26.6 0.974 0 0.011 0.224
1438883758.499787257 651.4 44.3 26.6 0.974 0 0.011 0.224
1438883758.532677937 651.6 44.4 26.6 0.974 0 0.011 0.224
1438883758.562398982 651.9 44.6 26.6 0.974 0 0.011 0.224
1438883758.594822621 652.2 44.7 26.5 0.974 0 0.011 0.224
1438883758.622252580 652.5 44.8 26.5 0.974 0 0.011 0.224
1438883758.655098860 652.7 44.9 26.5 0.974 0 0.011 0.224
1438883758.682435901 653 45.1 26.5 0.974 0 0.011 0.224
1438883758.714997597 653.2 45.2 26.5 0.974 0 0.011 0.224
1438883758.742428307 653.5 45.3 26.5 0.974 0 0.011 0.224
1438883758.775316966 653.8 45.4 26.5 0.974 0 0.011 0.224
1438883758.805060923 654.1 45.6 26.4 0.974 0 0.011 0.224
1438883758.838129261 654.3 45.7 26.4 0.974 0 0.011 0.224
584.196 59.7924 13.6565 0.995888 0.00609755 0.00288907 -0.0903413
575.132 90.9637 15.5195 0.984798 -0.00526101 0.0170835 -0.172783
0
82
1438883788.472001944 640.8 47.8 25.7 0.549 0.004 0 0.836
1438883788.511208138 640.8 47.8 25.7 0.549 0.004 0 0.836
1438883788.538022481 640.8 47.8 25.7 0.549 0.004 0 0.836
1438883788.571894054 640.8 47.8 25.7 0.549 0.004 0 0.836
1438883788.598309198 640.8 47.9 25.7 0.55 0.004 0 0.835
1438883788.630819554 640.7 48 25.7 0.55 0.004 0 0.835
1438883788.661311705 640.5 48.4 25.7 0.55 0.004 0 0.835
1438883788.691691880 640.4 48.6 25.7 0.549 0.004 0 0.835
1438883788.721154291 640.3 48.9 25.7 0.549 0.004 0 0.835
1438883788.751591255 640.2 49.2 25.7 0.549 0.004 0 0.835
1438883788.778882919 640.1 49.5 25.7 0.549 0.004 0 0.835
1438883788.814550149 640 49.7 25.7 0.549 0.004 0 0.835
1438883788.841889170 639.8 50.1 25.7 0.549 0.004 0 0.836
1438883788.871418689 639.7 50.3 25.7 0.549 0.004 0 0.836
1438883788.900799661 639.6 50.6 25.7 0.549 0.004 0 0.835
1438883788.937683725 639.4 50.9 25.8 0.549 0.004 0 0.836
1438883788.967112356 639.3 51.2 25.8 0.549 0.004 0 0.836
1438883789.000591834 639.2 51.4 25.8 0.549 0.004 0 0.835
1438883789.027314391 639.1 51.7 25.7 0.549 0.004 0 0.835
1438883789.059909514 639 52 25.8 0.549 0.004 0 0.835
1438883789.087290240 638.8 52.3 25.8 0.549 0.004 0 0.836
1438883789.120452140 638.7 52.6 25.8 0.549 0.004 0 0.836
1438883789.147996817 638.6 52.9 25.8 0.549 0.004 0 0.836
1438883789.180665861 638.5 53.1 25.8 0.549 0.004 0 0.836
1438883789.210065266 638.4 53.5 25.8 0.549 0.004 0 0.836
1438883789.243922898 638.3 53.7 25.8 0.549 0.004 0 0.835
1438883789.270421177 638.1 54 25.8 0.549 0.004 0 0.836
1438883789.303382960 638 54.3 25.8 0.549 0.004 0 0.836
1438883789.330620302 637.9 54.6 25.8 0.549 0.004 0 0.836
1438883789.363440086 637.8 54.8 25.8 0.549 0.004 0 0.836
1438883789.390267039 637.6 55.1 25.8 0.549 0.004 0 0.836
1438883789.423406242 637.5 55.4 25.8 0.549 0.004 0 0.835
1438883789.450857245 637.4 55.6 25.8 0.549 0.004 0 0.835
1438883789.483854775 637.3 55.9 25.8 0.549 0.004 0 0.835
1438883789.510370160 637.2 56.2 25.8 0.549 0.004 0 0.836
1438883789.543178858 637 56.5 25.8 0.549 0.004 0 0.835
1438883789.573826624 636.9 56.8 25.8 0.549 0.004 0 0.836
1438883789.603519512 636.8 57 25.8 0.549 0.004 0 0.836
1438883789.633440474 636.7 57.3 25.8 0.549 0.004 0 0.836
1438883789.666451493 636.6 57.6 25.9 0.549 0.004 0 0.836
1438883789.693051200 636.4 57.9 25.9 0.549 0.004 0 0.836
1438883789.723788618 636.3 58.1 25.9 0.549 0.004 0 0.835
1438883789.753752107 636.2 58.4 25.9 0.549 0.004 0 0.835
1438883789.783739090 636.1 58.7 25.9 0.549 0.004 0 0.835
1438883789.813371480 636 59 25.9 0.549 0.004 0 0.835
1438883789.843009330 635.8 59.2 25.9 0.549 0.004 0 0.835
1438883789.873737566 635.7 59.5 25.9 0.549 0.004 0 0.836
1438883789.904016621 635.6 59.8 25.9 0.549 0.004 0 0.836
1438883789.933587226 635.5 60.1 25.9 0.549 0.004 0 0.835
1438883789.966143592 635.4 60.4 25.9 0.549 0.004 0 0.835
1438883789.993022320 635.2 60.6 25.9 0.549 0.004 0 0.835
1438883790.026386672 635.1 60.9 25.9 0.549 0.004 0 0.835
1438883790.056419801 635 61.2 25.9 0.549 0.004 0 0.835
1438883790.086446650 634.9 61.5 25.9 0.549 0.004 0 0.835
1438883790.113772064 634.8 61.8 25.9 0.549 0.004 0 0.836
1438883790.146314344 634.6 62 25.9 0.549 0.004 0 0.836
1438883790.173862807 634.5 62.3 25.9 0.549 0.004 0 0.836
1438883790.205922572 634.4 62.6 25.9 0.549 0.004 0 0.836
1438883790.233676463 634.3 62.8 25.9 0.549 0.004 0 0.835
1438883790.266858226 634.2 63.1 25.9 0.549 0.004 0 0.835
1438883790.293613571 634 63.4 25.9 0.549 0.004 0 0.835
1438883790.326692397 633.9 63.6 26 0.549 0.004 0 0.835
1438883790.353270776 633.8 64 26 0.549 0.004 0 0.836
1438883790.383910495 633.7 64.2 26 0.549 0.004 0 0.836
1438883790.413519164 633.6 64.5 26 0.549 0.004 0 0.836
1438883790.443209088 633.5 64.8 26 0.549 0.004 0 0.836
1438883790.472847464 633.3 65.1 26 0.549 0.004 0 0.836
1438883790.503569086 633.2 65.3 26 0.549 0.004 0 0.836
1438883790.533270776 633.1 65.6 26 0.549 0.004 0 0.835
1438883790.566398727 633 65.9 26 0.549 0.004 0 0.835
1438883790.593925418 632.8 66.2 26 0.549 0.004 0 0.835
1438883790.626810574 632.7 66.4 26 0.549 0.004 0 0.836
1438883790.656571730 632.6 66.7 26 0.549 0.004 0 0.835
1438883790.686231546 632.5 67 26 0.549 0.004 0 0.836
1438883790.713820926 632.4 67.3 26 0.549 0.004 0 0.835
1438883790.746694115 632.3 67.5 26 0.549 0.004 0 0.835
1438883790.776435380 632.1 67.8 26 0.549 0.004 0 0.836
1438883790.809024676 632 68.1 26 0.549 0.004 0 0.835
1438883790.836508963 631.9 68.4 26 0.549 0.004 0 0.835
1438883790.866158976 631.8 68.7 26 0.549 0.004 0 0.836
1438883790.896734684 631.6 69 26 0.549 0.004 0 0.836
1438883790.926350130 631.5 69.2 26 0.549 0.004 0 0.836
575.187 90.9892 15.4273 0.984808 -0.00496049 0.01665 -0.172774
599.142 90.9538 15.113 0.989721 0.00280702 0.0157422 -0.142115
0
82
1438883818.757360233 579.6 108.6 27.7 0.999 0 0.009 0.048
1438883818.778535466 579.6 108.6 27.7 0.999 0 0.009 0.048
1438883818.811351785 579.6 108.6 27.7 0.999 0 0.009 0.048
1438883818.838808245 579.6 108.6 27.7 0.999 0 0.009 0.048
1438883818.871644958 579.6 108.6 27.7 0.999 0 0.009 0.048
1438883818.901232279 579.9 108.6 27.7 0.999 0 0.009 0.048
1438883818.931770832 580.1 108.7 27.7 0.999 0 0.009 0.048
1438883818.967484602 580.5 108.7 27.7 0.999 0 0.009 0.048
1438883818.997154620 580.8 108.7 27.7 0.999 0 0.009 0.048
1438883819.027798814 581.1 108.8 27.6 0.999 0 0.009 0.048
1438883819.060650454 581.4 108.8 27.6 0.999 0 0.009 0.048
1438883819.087178864 581.7 108.8 27.6 0.999 0 0.009 0.048
1438883819.117802267 582 108.8 27.6 0.999 0 0.009 0.048
1438883819.147269662 582.3 108.9 27.6 0.999 0 0.009 0.048
1438883819.177844140 582.5 108.9 27.6 0.999 0 0.009 0.048
1438883819.207460864 582.9 108.9 27.6 0.999 0 0.009 0.048
1438883819.240130129 583.1 108.9 27.6 0.999 0 0.009 0.048
1438883819.267628935 583.5 109 27.5 0.999 0 0.009 0.048
1438883819.300382527 583.8 109 27.5 0.999 0 0.009 0.048
1438883819.327806514 584.1 109 27.5 0.999 0 0.009 0.048
1438883819.360656562 584.4 109.1 27.5 0.999 0 0.009 0.048
1438883819.393307751 584.7 109.1 27.5 0.999 0 0.009 0.048
1438883819.426148684 585 109.1 27.5 0.999 0 0.009 0.048
1438883819.456632842 585.4 109.2 27.5 0.999 0 0.009 0.048
1438883819.489341144 585.7 109.2 27.5 0.999 0 0.009 0.048
1438883819.518909229 586 109.2 27.5 0.999 0 0.009 0.048
1438883819.549196665 586.3 109.2 27.5 0.999 0 0.009 0.048
1438883819.576464600 586.6 109.3 27.5 0.999 0 0.009 0.048
1438883819.609416855 586.9 109.3 27.5 0.999 0 0.009 0.048
1438883819.639004101 587.2 109.3 27.4 0.999 0 0.009 0.048
1438883819.672000143 587.5 109.4 27.4 0.999 0 0.009 0.048
1438883819.699491543 587.8 109.4 27.4 0.999 0 0.009 0.048
1438883819.732059686 588.1 109.4 27.4 0.999 0 0.009 0.048
1438883819.763241139 588.4 109.4 27.4 0.999 0 0.009 0.048
1438883819.793042141 588.7 109.5 27.4 0.999 0 0.009 0.048
1438883819.822699378 589 109.5 27.4 0.999 0 0.009 0.048
1438883819.855266826 589.3 109.5 27.4 0.999 0 0.009 0.048
1438883819.882562701 589.6 109.6 27.4 0.999 0 0.009 0.048
1438883819.915613957 589.9 109.6 27.4 0.999 0 0.009 0.048
1438883819.942140721 590.2 109.6 27.4 0.999 0 0.009 0.048
1438883819.972847913 590.5 109.6 27.3 0.999 0 0.009 0.048
1438883820.002878758 590.8 109.7 27.3 0.999 0 0.009 0.048
1438883820.034927939 591.1 109.7 27.3 0.999 0 0.009 0.048
1438883820.062405255 591.4 109.7 27.3 0.999 0 0.009 0.048
1438883820.098346526 591.7 109.8 27.3 0.999 0 0.009 0.048
1438883820.125878215 592 109.8 27.3 0.999 0 0.009 0.048
1438883820.158711616 592.3 109.8 27.3 0.999 0 0.009 0.048
1438883820.185228961 592.7 109.9 27.3 0.999 0 0.009 0.048
1438883820.218049180 592.9 109.9 27.3 0.999 0 0.009 0.048
1438883820.245573714 593.2 109.9 27.2 0.999 0 0.009 0.048
1438883820.278437254 593.5 109.9 27.2 0.999 0 0.009 0.048
1438883820.305893463 593.8 110 27.2 0.999 0 0.009 0.048
1438883820.338716061 594.1 110 27.2 0.999 0 0.009 0.048
1438883820.365222184 594.4 110 27.2 0.999 0 0.009 0.048
1438883820.398354027 594.7 110.1 27.2 0.999 0 0.009 0.048
1438883820.425272457 595 110.1 27.2 0.999 0 0.009 0.048
1438883820.461666524 595.3 110.1 27.2 0.999 0 0.009 0.048
1438883820.488073196 595.7 110.2 27.2 0.999 0 0.009 0.048
1438883820.521222774 595.9 110.2 27.2 0.999 0 0.009 0.048
1438883820.548126560 596.2 110.2 27.2 0.999 0 0.009 0.048
1438883820.581931832 596.5 110.2 27.1 0.999 0 0.009 0.048
1438883820.607853551 596.9 110.3 27.1 0.999 0 0.009 0.048
1438883820.642068625 597.1 110.3 27.1 0.999 0 0.009 0.048
1438883820.671906817 597.5 110.3 27.1 0.999 0 0.009 0.048
1438883820.701545620 597.7 110.4 27.1 0.999 0 0.009 0.048
1438883820.731388686 598.1 110.4 27.1 0.999 0 0.009 0.048
1438883820.761660042 598.3 110.4 27.1 0.999 0 0.009 0.048
1438883820.791110938 598.6 110.4 27 0.999 0 0.009 0.048
1438883820.821693775 598.9 110.5 27 0.999 0 0.009 0.048
1438883820.851337414 599.3 110.5 27 0.999 0 0.009 0.048
1438883820.884262665 599.5 110.5 27 0.999 0 0.009 0.048
1438883820.911776091 599.8 110.6 27 0.999 0 0.009 0.048
1438883820.944562494 600.1 110.6 27 0.999 0 0.009 0.048
1438883820.970951914 600.5 110.6 27 0.999 0 0.009 0.048
1438883821.004848441 600.7 110.6 27 0.999 0 0.009 0.048
1438883821.031395811 601 110.7 27 0.999 0 0.009 0.048
1438883821.064159380 601.3 110.7 27 0.999 0 0.009 0.048
1438883821.094884124 601.7 110.7 27 0.999 0 0.009 0.048
1438883821.124534864 601.9 110.8 26.9 0.999 0 0.009 0.048
1438883821.154198239 602.3 110.8 26.9 0.999 0 0.009 0.048
1438883821.186992499 602.6 110.8 26.9 0.999 0 0.009 0.048
1438883821.217652022 602.9 110.8 26.9 0.999 0 0.009 0.048
599.171 90.9777 15.0902 0.989734 0.00311114 0.0155405 -0.142037
601.492 104.39 13.2744 0.975403 -0.00197417 -0.00632781 -0.220328
0
83
1438883849.376212554 633.1 211.9 27.9 0.974 0 0.006 0.227
1438883849.381614095 633.1 211.9 27.9 0.974 0 0.006 0.227
1438883849.412129006 633.1 211.9 27.9 0.974 0 0.006 0.227
1438883849.441125252 633.1 211.9 27.9 0.974 0 0.006 0.227
1438883849.471685392 633.1 211.9 27.9 0.974 0 0.006 0.227
1438883849.501937522 633.2 212 27.9 0.974 0 0.006 0.227
1438883849.531629219 633.4 212 27.9 0.974 0 0.006 0.227
1438883849.561626371 633.7 212.2 27.9 0.974 0 0.006 0.227
1438883849.591378598 634 212.3 27.9 0.974 0 0.006 0.227
1438883849.621173488 634.2 212.4 27.9 0.974 0 0.006 0.227
1438883849.651948031 634.5 212.6 27.9 0.974 0 0.006 0.227
1438883849.681812437 634.8 212.7 27.9 0.974 0 0.006 0.227
1438883849.714849492 635 212.8 27.9 0.974 0 0.006 0.227
1438883849.741652734 635.3 213 27.8 0.974 0 0.006 0.227
1438883849.774809650 635.6 213.1 27.8 0.974 0 0.006 0.227
1438883849.801528025 635.9 213.3 27.8 0.974 0 0.006 0.227
1438883849.834355976 636.1 213.4 27.8 0.974 0 0.006 0.227
1438883849.864023210 636.4 213.5 27.8 0.974 0 0.006 0.227
1438883849.894702468 636.7 213.7 27.8 0.974 0 0.006 0.227
1438883849.924341023 637 213.8 27.8 0.974 0 0.006 0.227
1438883849.957138680 637.2 213.9 27.8 0.974 0 0.006 0.227
1438883849.984612731 637.5 214.1 27.8 0.974 0 0.006 0.227
1438883850.017497225 637.7 214.2 27.8 0.974 0 0.006 0.227
1438883850.047171811 638 214.3 27.7 0.974 0 0.006 0.227
1438883850.077793931 638.3 214.4 27.7 0.974 0 0.006 0.227
1438883850.104358517 638.6 214.6 27.8 0.974 0 0.006 0.227
1438883850.137115383 638.8 214.7 27.7 0.974 0 0.006 0.227
1438883850.164675278 639.1 214.9 27.7 0.974 0 0.006 0.227
1438883850.197254716 639.4 215 27.7 0.974 0 0.006 0.227
1438883850.224998483 639.7 215.1 27.7 0.974 0 0.006 0.227
1438883850.257457656 639.9 215.2 27.7 0.974 0 0.006 0.227
1438883850.287400696 640.2 215.4 27.7 0.974 0 0.006 0.227
1438883850.320050206 640.5 215.5 27.7 0.974 0 0.006 0.227
1438883850.347777427 640.7 215.7 27.7 0.974 0 0.006 0.227
1438883850.380068432 641 215.8 27.7 0.974 0 0.006 0.227
1438883850.407163291 641.3 215.9 27.7 0.974 0 0.006 0.227
1438883850.440835769 641.5 216 27.7 0.974 0 0.006 0.227
1438883850.466871896 641.8 216.2 27.7 0.974 0 0.006 0.227
1438883850.500828496 642.1 216.3 27.7 0.974 0 0.006 0.227
1438883850.527399112 642.3 216.4 27.7 0.974 0 0.006 0.227
1438883850.560031863 642.6 216.6 27.6 0.974 0 0.006 0.227
1438883850.587389752 642.9 216.7 27.6 0.974 0 0.006 0.227
1438883850.617060508 643.1 216.8 27.6 0.974 0 0.006 0.227
1438883850.647873811 643.4 217 27.6 0.974 0 0.006 0.227
1438883850.677694329 643.7 217.1 27.6 0.974 0 0.006 0.227
1438883850.707330325 644 217.2 27.6 0.974 0 0.006 0.227
1438883850.737041291 644.2 217.4 27.6 0.974 0 0.006 0.227
1438883850.769897407 644.5 217.5 27.6 0.974 0 0.006 0.227
1438883850.803524725 644.8 217.6 27.6 0.974 0 0.006 0.227
1438883850.830054691 645.1 217.8 27.6 0.974 0 0.006 0.227
1438883850.863862921 645.3 217.9 27.6 0.974 0 0.006 0.227
1438883850.893562123 645.6 218.1 27.6 0.974 0 0.006 0.227
1438883850.923031367 645.9 218.2 27.6 0.974 0 0.006 0.227
1438883850.953825365 646.2 218.3 27.6 0.974 0 0.006 0.227
1438883850.983373038 646.4 218.5 27.6 0.974 0 0.006 0.227
1438883851.012987867 646.7 218.6 27.6 0.974 0 0.006 0.227
1438883851.043593200 647 218.7 27.6 0.974 0 0.006 0.227
1438883851.073162053 647.2 218.9 27.5 0.974 0 0.006 0.227
1438883851.103081697 647.5 219 27.5 0.974 0 0.006 0.227
1438883851.133642994 647.8 219.1 27.5 0.974 0 0.006 0.227
1438883851.166660141 648 219.2 27.5 0.974 0 0.006 0.227
1438883851.196554698 648.3 219.4 27.5 0.974 0 0.006 0.227
1438883851.226568827 648.6 219.5 27.5 0.974 0 0.006 0.227
1438883851.256362777 648.9 219.7 27.5 0.974 0 0.006 0.227
1438883851.287042292 649.1 219.8 27.5 0.974 0 0.006 0.227
1438883851.316199337 649.4 219.9 27.5 0.974 0 0.006 0.227
1438883851.346130229 649.7 220 27.5 0.974 0 0.006 0.227
1438883851.373339337 650 220.2 27.5 0.974 0 0.006 0.227
1438883851.406230216 650.2 220.3 27.5 0.974 0 0.006 0.227
1438883851.436732076 650.5 220.5 27.5 0.974 0 0.006 0.227
1438883851.466520764 650.8 220.6 27.5 0.974 0 0.006 0.227
1438883851.495901279 651.1 220.7 27.5 0.974 0 0.006 0.227
1438883851.526750578 651.3 220.8 27.5 0.974 0 0.006 0.227
1438883851.556813388 651.6 221 27.4 0.974 0 0.006 0.227
1438883851.586840331 651.8 221.1 27.4 0.974 0 0.006 0.227
1438883851.616585052 652.1 221.3 27.4 0.974 0 0.006 0.227
1438883851.649619061 652.4 221.4 27.4 0.974 0 0.006 0.227
1438883851.676159800 652.6 221.5 27.4 0.974 0 0.006 0.227
1438883851.712418919 652.9 221.6 27.4 0.974 0 0.006 0.227
1438883851.738968007 653.2 221.8 27.4 0.974 0 0.006 0.227
1438883851.772060506 653.5 221.9 27.4 0.974 0 0.006 0.227
1438883851.802852991 653.7 222.1 27.4 0.974 0 0.006 0.227
1438883851.835246149 654 222.2 27.4 0.974 0 0.006 0.227
601.49 104.296 13.3315 0.975407 -0.00293513 -0.00638366 -0.2203
630.321 90.3798 11.5896 0.987904 0.00643938 -0.0247072 -0.152948
0
83
1438883883.237751035 616.6 140.7 25.7 0.967 0 -0.004 -0.254
1438883883.251280841 616.6 140.7 25.7 0.967 0 -0.004 -0.254
1438883883.277949715 616.6 140.7 25.7 0.967 0 -0.004 -0.254
1438883883.310884878 616.6 140.7 25.7 0.967 0 -0.004 -0.254
1438883883.338504629 616.6 140.7 25.7 0.967 0 -0.004 -0.254
1438883883.368497255 616.7 140.7 25.7 0.967 0 -0.004 -0.254
1438883883.398375704 617 140.5 25.7 0.967 0 -0.004 -0.254
1438883883.428302307 617.2 140.3 25.7 0.967 0 -0.004 -0.254
1438883883.458238486 617.5 140.2 25.7 0.967 0 -0.004 -0.254
1438883883.494708856 617.8 140 25.7 0.967 0 -0.004 -0.254
1438883883.524650537 618 139.9 25.7 0.967 0 -0.004 -0.254
1438883883.554518738 618.3 139.8 25.7 0.967 0 -0.004 -0.254
1438883883.584357293 618.5 139.6 25.7 0.967 0 -0.004 -0.254
1438883883.614314153 618.8 139.5 25.7 0.967 0 -0.004 -0.254
1438883883.644241428 619.1 139.3 25.7 0.967 0 -0.004 -0.254
1438883883.674136382 619.3 139.1 25.7 0.967 0 -0.004 -0.254
1438883883.703930304 619.6 139 25.7 0.967 0 -0.004 -0.254
1438883883.737098283 619.9 138.8 25.7 0.967 0 -0.004 -0.254
1438883883.764860992 620.1 138.7 25.8 0.967 0 -0.004 -0.254
1438883883.797882414 620.4 138.6 25.8 0.967 0 -0.004 -0.254
1438883883.827879537 620.7 138.4 25.8 0.967 0 -0.004 -0.254
1438883883.857885985 620.9 138.3 25.8 0.967 0 -0.004 -0.254
1438883883.884682583 621.2 138.1 25.8 0.967 0 -0.004 -0.254
1438883883.917775962 621.4 137.9 25.8 0.967 0 -0.004 -0.254
1438883883.947600181 621.7 137.8 25.8 0.967 0 -0.004 -0.254
1438883883.977247104 622 137.6 25.8 0.967 0 -0.004 -0.254
1438883884.007829687 622.3 137.5 25.8 0.967 0 -0.004 -0.254
1438883884.037575238 622.5 137.4 25.8 0.967 0 -0.004 -0.254
1438883884.067197579 622.8 137.2 25.8 0.967 0 -0.004 -0.254
1438883884.100000818 623 137.1 25.8 0.967 0 -0.004 -0.254
1438883884.130550109 623.3 136.9 25.8 0.967 0 -0.004 -0.254
1438883884.160319152 623.6 136.8 25.8 0.967 0 -0.004 -0.254
1438883884.190246264 623.8 136.6 25.8 0.967 0 -0.004 -0.254
1438883884.223025983 624.1 136.5 25.8 0.967 0 -0.004 -0.254
1438883884.250522277 624.4 136.3 25.8 0.967 0 -0.004 -0.254
1438883884.283395145 624.6 136.2 25.8 0.967 0 -0.004 -0.254
1438883884.310797465 624.9 136 25.8 0.967 0 -0.004 -0.254
1438883884.340315119 625.1 135.9 25.8 0.967 0 -0.004 -0.254
1438883884.370097763 625.4 135.7 25.9 0.967 0 -0.004 -0.254
1438883884.403873154 625.7 135.5 25.9 0.967 0 -0.004 -0.254
1438883884.430362836 626 135.4 25.9 0.967 0 -0.004 -0.254
1438883884.463191607 626.2 135.3 25.9 0.967 0 -0.004 -0.254
1438883884.490682768 626.5 135.1 25.9 0.967 0 -0.004 -0.254
1438883884.523582006 626.7 135 25.9 0.967 0 -0.004 -0.254
1438883884.553236760 627 134.8 25.9 0.967 0 -0.004 -0.254
1438883884.583894135 627.2 134.7 25.9 0.967 0 -0.004 -0.254
1438883884.613552699 627.5 134.5 25.9 0.967 0 -0.004 -0.254
1438883884.643219543 627.8 134.4 25.9 0.967 0 -0.004 -0.254
1438883884.673854337 628 134.2 25.9 0.967 0 -0.004 -0.254
1438883884.703612203 628.3 134.1 25.9 0.967 0 -0.004 -0.254
1438883884.733204297 628.6 133.9 25.9 0.967 0 -0.004 -0.254
1438883884.766019704 628.8 133.8 25.9 0.967 0 -0.004 -0.254
1438883884.793651764 629.1 133.6 25.9 0.967 0 -0.004 -0.254
1438883884.823478022 629.3 133.5 25.9 0.967 0 -0.004 -0.254
1438883884.853146017 629.6 133.3 25.9 0.967 0 -0.004 -0.254
1438883884.886150501 629.9 133.2 25.9 0.967 0 -0.004 -0.254
1438883884.913762898 630.2 133 25.9 0.967 0 -0.004 -0.254
1438883884.946695452 630.4 132.9 25.9 0.967 0 -0.004 -0.254
1438883884.976646889 630.7 132.7 25.9 0.967 0 -0.004 -0.254
1438883885.006570241 630.9 132.6 25.9 0.967 0 -0.004 -0.254
1438883885.036487142 631.2 132.5 25.9 0.967 0 -0.004 -0.254
1438883885.066440050 631.4 132.3 25.9 0.967 0 -0.004 -0.254
1438883885.096446373 631.7 132.1 25.9 0.967 0 -0.004 -0.254
1438883885.126103186 632 132 26 0.967 0 -0.004 -0.254
1438883885.155923434 632.3 131.8 26 0.967 0 -0.004 -0.254
1438883885.186831035 632.5 131.7 26 0.967 0 -0.004 -0.254
1438883885.216590769 632.8 131.5 26 0.967 0 -0.004 -0.254
1438883885.246236786 633 131.4 26 0.967 0 -0.004 -0.254
1438883885.276866417 633.3 131.3 26 0.967 0 -0.004 -0.254
1438883885.309938165 633.6 131.1 26 0.967 0 -0.004 -0.254
1438883885.336694381 633.8 130.9 26 0.967 0 -0.004 -0.254
1438883885.372838037 634.1 130.8 26 0.967 0 -0.004 -0.254
1438883885.402518353 634.4 130.6 26 0.967 0 -0.004 -0.254
1438883885.432217641 634.6 130.5 26 0.967 0 -0.004 -0.254
1438883885.461980051 634.9 130.3 26 0.967 0 -0.004 -0.254
1438883885.492730386 635.2 130.2 26 0.967 0 -0.004 -0.254
1438883885.522378177 635.5 130 26 0.967 0 -0.004 -0.254
1438883885.552116170 635.7 129.9 26 0.967 0 -0.004 -0.254
1438883885.582848885 636 129.7 26 0.967 0 -0.004 -0.254
1438883885.615745140 636.2 129.6 26 0.967 0 -0.004 -0.254
1438883885.645403831 636.5 129.4 26 0.967 0 -0.004 -0.254
1438883885.672009631 636.7 129.3 26 0.967 0 -0.004 -0.254
1438883885.699568618 637 129.2 26 0.967 0 -0.004 -0.254
630.32 90.386 11.5891 0.987902 0.00643095 -0.0246865 -0.152969
640.341 86.1196 14.9586 0.998937 0.00240969 0.0118237 -0.0444926
0
83
1438883914.904582963 724.6 58.6 28.7 0.927 0 -0.011 0.375
1438883914.925632227 724.6 58.6 28.7 0.927 0 -0.011 0.375
1438883914.958669827 724.6 58.6 28.7 0.927 0 -0.011 0.375
1438883914.985381154 724.6 58.6 28.7 0.927 0 -0.011 0.375
1438883915.018203038 724.6 58.6 28.7 0.927 0 -0.011 0.375
1438883915.045764063 724.8 58.7 28.7 0.927 0 -0.011 0.375
1438883915.078680239 725 58.9 28.7 0.927 0 -0.011 0.375
1438883915.105365190 725.2 59.1 28.7 0.927 0 -0.011 0.375
1438883915.138648151 725.4 59.3 28.7 0.927 0 -0.011 0.375
1438883915.165411801 725.6 59.6 28.8 0.927 0 -0.011 0.375
1438883915.198290246 725.8 59.8 28.8 0.927 0 -0.011 0.375
1438883915.225789563 726 60 28.8 0.927 0 -0.011 0.375
1438883915.258532713 726.2 60.2 28.8 0.927 0 -0.011 0.375
1438883915.285250607 726.5 60.4 28.8 0.927 0 -0.011 0.375
1438883915.318406265 726.7 60.6 28.8 0.927 0 -0.011 0.375
1438883915.345124517 726.9 60.8 28.8 0.927 0 -0.011 0.375
1438883915.378146180 727.1 61 28.9 0.927 0 -0.011 0.375
1438883915.405863865 727.3 61.2 28.9 0.927 0 -0.011 0.375
1438883915.438852147 727.6 61.4 28.9 0.927 0 -0.011 0.375
1438883915.468864494 727.8 61.6 28.9 0.927 0 -0.011 0.375
1438883915.501034721 728 61.9 28.9 0.927 0 -0.011 0.375
1438883915.529107568 728.2 62.1 28.9 0.927 0 -0.011 0.375
1438883915.561700561 728.4 62.3 28.9 0.927 0 -0.011 0.375
1438883915.591112318 728.7 62.5 28.9 0.927 0 -0.011 0.375
1438883915.621704407 728.9 62.7 28.9 0.927 0 -0.011 0.375
1438883915.651343684 729.1 62.9 28.9 0.927 0 -0.011 0.375
1438883915.682066932 729.3 63.1 29 0.927 0 -0.011 0.375
1438883915.711559235 729.5 63.3 29 0.927 0 -0.011 0.375
1438883915.742007432 729.7 63.5 29 0.927 0 -0.011 0.375
1438883915.771480009 730 63.8 29 0.927 0 -0.011 0.375
1438883915.804014960 730.2 64 29 0.927 0 -0.011 0.375
1438883915.834781637 730.4 64.2 29 0.927 0 -0.011 0.375
1438883915.867547016 730.6 64.4 29 0.927 0 -0.011 0.375
1438883915.897203238 730.9 64.7 29.1 0.927 0 -0.011 0.375
1438883915.927913636 731.1 64.8 29.1 0.927 0 -0.011 0.375
1438883915.957491050 731.3 65.1 29.1 0.927 0 -0.011 0.375
1438883915.987076560 731.5 65.3 29.1 0.927 0 -0.011 0.375
1438883916.017652687 731.7 65.5 29.1 0.927 0 -0.011 0.375
1438883916.047292718 731.9 65.7 29.1 0.927 0 -0.011 0.375
1438883916.074834803 732.1 65.9 29.1 0.927 0 -0.011 0.375
1438883916.107676047 732.3 66.1 29.1 0.927 0 -0.011 0.375
1438883916.137371474 732.6 66.3 29.2 0.927 0 -0.011 0.375
1438883916.170185643 732.8 66.5 29.2 0.927 0 -0.011 0.375
1438883916.200719765 733 66.7 29.2 0.927 0 -0.011 0.375
1438883916.230390095 733.2 66.9 29.2 0.927 0 -0.011 0.375
1438883916.260098166 733.5 67.2 29.2 0.927 0 -0.011 0.375
1438883916.290721919 733.7 67.3 29.2 0.927 0 -0.011 0.375
1438883916.320348346 733.9 67.6 29.2 0.927 0 -0.011 0.375
1438883916.350032183 734.1 67.8 29.2 0.927 0 -0.011 0.375
1438883916.379795331 734.3 68 29.2 0.927 0 -0.011 0.375
1438883916.411089121 734.5 68.2 29.3 0.927 0 -0.011 0.375
1438883916.440511278 734.7 68.4 29.3 0.927 0 -0.011 0.375
1438883916.473342594 735 68.6 29.3 0.927 0 -0.011 0.375
1438883916.500656384 735.2 68.8 29.3 0.927 0 -0.011 0.375
1438883916.533529360 735.4 69 29.3 0.927 0 -0.011 0.375
1438883916.563604035 735.7 69.3 29.3 0.927 0 -0.011 0.375
1438883916.593376309 735.9 69.4 29.3 0.927 0 -0.011 0.375
1438883916.620900640 736.1 69.7 29.4 0.927 0 -0.011 0.375
1438883916.654031880 736.3 69.9 29.4 0.927 0 -0.011 0.375
1438883916.681016109 736.5 70.1 29.4 0.927 0 -0.011 0.375
1438883916.714072923 736.7 70.3 29.4 0.927 0 -0.011 0.375
1438883916.743175796 737 70.5 29.4 0.927 0 -0.011 0.375
1438883916.774004382 737.1 70.7 29.4 0.927 0 -0.011 0.375
1438883916.803418007 737.4 70.9 29.4 0.927 0 -0.011 0.375
1438883916.836328109 737.6 71.1 29.4 0.927 0 -0.011 0.375
1438883916.866258541 737.8 71.3 29.5 0.927 0 -0.011 0.375
1438883916.896202415 738 71.6 29.5 0.927 0 -0.011 0.375
1438883916.925998209 738.3 71.8 29.5 0.927 0 -0.011 0.375
1438883916.959058113 738.5 72 29.5 0.927 0 -0.011 0.375
1438883916.986565630 738.7 72.2 29.5 0.927 0 -0.011 0.375
1438883917.019332853 738.9 72.4 29.5 0.927 0 -0.011 0.375
1438883917.045995204 739.1 72.6 29.5 0.927 0 -0.011 0.375
1438883917.079171206 739.3 72.8 29.5 0.927 0 -0.011 0.375
1438883917.106907310 739.6 73 29.6 0.927 0 -0.011 0.375
1438883917.139742198 739.8 73.2 29.6 0.927 0 -0.011 0.375
1438883917.166377272 740 73.4 29.6 0.927 0 -0.011 0.375
1438883917.199130174 740.2 73.6 29.6 0.927 0 -0.011 0.375
1438883917.226577199 740.5 73.9 29.6 0.927 0 -0.011 0.375
1438883917.259346054 740.7 74.1 29.6 0.927 0 -0.011 0.375
1438883917.285862088 740.9 74.3 29.6 0.927 0 -0.011 0.375
1438883917.319774338 741.1 74.5 29.6 0.927 0 -0.011 0.375
1438883917.349468139 741.3 74.7 29.6 0.927 0 -0.011 0.375
1438883917.379379439 741.5 74.9 29.7 0.927 0 -0.011 0.375
640.323 86.1292 14.9705 0.998937 0.00258476 0.0119851 -0.0444354
655.721 86.7149 15.1419 0.998658 -0.0114947 -0.00548485 0.0502035
0
83
1438883949.341058828 727.3 76.6 25.3 0.888 0 0.002 0.46
1438883949.353127700 727.3 76.6 25.3 0.888 0 0.002 0.46
1438883949.383680080 727.3 76.6 25.3 0.888 0 0.002 0.46
1438883949.410249984 727.3 76.6 25.3 0.888 0 0.002 0.46
1438883949.442942058 727.3 76.6 25.3 0.888 0 0.002 0.46
1438883949.470195564 727.4 76.8 25.3 0.888 0 0.002 0.46
1438883949.502882474 727.6 77 25.3 0.888 0 0.002 0.46
1438883949.530248765 727.8 77.3 25.3 0.888 0 0.002 0.46
1438883949.563159238 727.9 77.5 25.3 0.888 0 0.002 0.46
1438883949.592848938 728.1 77.8 25.3 0.888 0 0.002 0.46
1438883949.626220095 728.3 78 25.3 0.888 0 0.002 0.46
1438883949.653157667 728.5 78.3 25.3 0.888 0 0.002 0.46
1438883949.686576214 728.6 78.5 25.3 0.888 0 0.002 0.46
1438883949.713772870 728.8 78.7 25.3 0.888 0 0.002 0.46
1438883949.743720835 729 79 25.3 0.888 0 0.002 0.46
1438883949.773291494 729.2 79.2 25.3 0.888 0 0.002 0.46
1438883949.806501629 729.3 79.5 25.3 0.888 0 0.002 0.46
1438883949.831180689 729.5 79.7 25.3 0.888 0 0.002 0.46
1438883949.864048437 729.7 79.9 25.3 0.888 0 0.002 0.46
1438883949.893799122 729.9 80.2 25.3 0.888 0 0.002 0.46
1438883949.926048147 730 80.4 25.3 0.888 0 0.002 0.46
1438883949.956850311 730.2 80.7 25.3 0.888 0 0.002 0.46
1438883949.986417370 730.4 81 25.3 0.888 0 0.002 0.46
1438883950.016118478 730.6 81.2 25.3 0.888 0 0.002 0.46
1438883950.045924823 730.7 81.5 25.2 0.888 0 0.002 0.46
1438883950.076775306 730.9 81.7 25.3 0.888 0 0.002 0.46
1438883950.106590394 731.1 82 25.3 0.888 0 0.002 0.46
1438883950.136424122 731.3 82.2 25.2 0.888 0 0.002 0.46
1438883950.166387302 731.4 82.4 25.2 0.888 0 0.002 0.46
1438883950.196256528 731.6 82.7 25.2 0.888 0 0.002 0.46
1438883950.229383794 731.8 82.9 25.2 0.888 0 0.002 0.46
1438883950.259026571 732 83.2 25.3 0.888 0 0.002 0.46
1438883950.289860672 732.1 83.4 25.3 0.888 0 0.002 0.46
1438883950.319574564 732.3 83.7 25.2 0.888 0 0.002 0.46
1438883950.349483594 732.5 83.9 25.2 0.888 0 0.002 0.46
1438883950.379289951 732.7 84.2 25.2 0.888 0 0.002 0.46
1438883950.412144253 732.8 84.4 25.2 0.888 0 0.002 0.46
1438883950.438840436 733 84.7 25.2 0.888 0 0.002 0.46
1438883950.471868119 733.2 84.9 25.2 0.888 0 0.002 0.46
1438883950.502855796 733.4 85.2 25.2 0.888 0 0.002 0.46
1438883950.535780178 733.5 85.5 25.2 0.888 0 0.002 0.46
1438883950.565620119 733.7 85.7 25.2 0.888 0 0.002 0.46
1438883950.595455551 733.9 85.9 25.2 0.888 0 0.002 0.46
1438883950.625416460 734.1 86.2 25.2 0.888 0 0.002 0.46
1438883950.658333603 734.2 86.4 25.2 0.888 0 0.002 0.46
1438883950.685071735 734.4 86.7 25.2 0.888 0 0.002 0.46
1438883950.718149918 734.6 86.9 25.2 0.888 0 0.002 0.46
1438883950.745676049 734.7 87.1 25.2 0.888 0 0.002 0.46
1438883950.775594490 734.9 87.4 25.2 0.888 0 0.002 0.46
1438883950.805668956 735.1 87.7 25.2 0.888 0 0.002 0.46
1438883950.838686942 735.3 87.9 25.2 0.888 0 0.002 0.46
1438883950.865197447 735.4 88.1 25.2 0.888 0 0.002 0.46
1438883950.898084683 735.6 88.4 25.2 0.888 0 0.002 0.46
1438883950.928710054 735.8 88.7 25.2 0.888 0 0.002 0.46
1438883950.958289183 736 88.9 25.2 0.888 0 0.002 0.46
1438883950.985848754 736.2 89.1 25.2 0.888 0 0.002 0.46
1438883951.018719162 736.3 89.4 25.2 0.888 0 0.002 0.46
1438883951.048401127 736.5 89.7 25.2 0.888 0 0.002 0.46
1438883951.078018560 736.7 89.9 25.2 0.888 0 0.002 0.46
1438883951.108690310 736.9 90.2 25.2 0.888 0 0.002 0.46
1438883951.138354509 737 90.4 25.2 0.888 0 0.002 0.46
1438883951.167997342 737.2 90.6 25.2 0.888 0 0.002 0.46
1438883951.198800361 737.4 90.8 25.2 0.888 0 0.002 0.46
1438883951.228635073 737.5 91.1 25.2 0.888 0 0.002 0.46
1438883951.258535691 737.7 91.3 25.2 0.888 0 0.002 0.46
1438883951.288311976 737.9 91.6 25.2 0.888 0 0.002 0.46
1438883951.318041822 738.1 91.8 25.2 0.888 0 0.002 0.46
1438883951.348765711 738.2 92.1 25.2 0.888 0 0.002 0.46
1438883951.378350078 738.4 92.3 25.2 0.888 0 0.002 0.46
1438883951.408106037 738.6 92.6 25.2 0.888 0 0.002 0.46
1438883951.438687930 738.7 92.8 25.2 0.888 0 0.002 0.46
1438883951.468516116 738.9 93.1 25.2 0.888 0 0.002 0.46
1438883951.498427451 739.1 93.3 25.1 0.888 0 0.002 0.46
1438883951.528330240 739.3 93.6 25.1 0.888 0 0.002 0.46
1438883951.561428630 739.4 93.8 25.1 0.888 0 0.002 0.46
1438883951.588268046 739.6 94.1 25.1 0.888 0 0.002 0.46
1438883951.621132869 739.8 94.3 25.1 0.888 0 0.002 0.46
1438883951.648731056 740 94.6 25.1 0.888 0 0.002 0.46
1438883951.681579295 740.1 94.8 25.1 0.888 0 0.002 0.46
1438883951.711211012 740.3 95.1 25.1 0.888 0 0.002 0.46
1438883951.740954552 740.5 95.3 25.1 0.888 0 0.002 0.46
1438883951.768639455 740.7 95.5 25.1 0.888 0 0.002 0.46
1438883951.801312437 740.8 95.8 25.1 0.888 0 0.002 0.46
655.696 86.8005 15.0791 0.998668 -0.0106732 -0.00526512 0.0502087
664.535 94.419 13.382 0.999258 0.013555 -0.000367943 -0.0360632
0
83
1438883983.090153758 644.9 174 25.6 0.996 0 -0.002 0.089
1438883983.097728999 644.9 174 25.6 0.996 0 -0.002 0.089
1438883983.130706103 644.9 174 25.6 0.996 0 -0.002 0.089
1438883983.166852459 644.9 174 25.6 0.996 0 -0.002 0.089
1438883983.193481010 644.9 174 25.6 0.996 0 -0.002 0.089
1438883983.223480006 645 174 25.6 0.996 0 -0.002 0.089
1438883983.256579839 645.3 174.1 25.6 0.996 0 -0.002 0.089
1438883983.289773165 645.6 174.1 25.6 0.996 0 -0.002 0.089
1438883983.316485637 645.9 174.2 25.6 0.996 0 -0.002 0.089
1438883983.349346541 646.2 174.2 25.6 0.996 0 -0.002 0.089
1438883983.375955467 646.5 174.3 25.6 0.996 0 -0.002 0.089
1438883983.406864198 646.7 174.3 25.6 0.996 0 -0.002 0.089
1438883983.436893806 647 174.4 25.6 0.996 0 -0.002 0.089
1438883983.466626806 647.3 174.4 25.6 0.996 0 -0.002 0.089
1438883983.496552343 647.6 174.5 25.6 0.996 0 -0.002 0.089
1438883983.526269684 647.9 174.6 25.6 0.996 0 -0.002 0.089
1438883983.556848884 648.2 174.6 25.6 0.996 0 -0.002 0.089
1438883983.589658911 648.5 174.7 25.6 0.996 0 -0.002 0.089
1438883983.616313328 648.8 174.7 25.6 0.996 0 -0.002 0.089
1438883983.649168374 649.1 174.8 25.6 0.996 0 -0.002 0.089
1438883983.682353947 649.5 174.8 25.6 0.996 0 -0.002 0.089
1438883983.715296963 649.8 174.9 25.6 0.996 0 -0.002 0.089
1438883983.745098318 650.1 174.9 25.6 0.996 0 -0.002 0.089
1438883983.775737035 650.4 175 25.6 0.996 0 -0.002 0.089
1438883983.805673904 650.7 175 25.6 0.996 0 -0.002 0.089
1438883983.835618847 651 175.1 25.6 0.996 0 -0.002 0.089
1438883983.865078146 651.3 175.2 25.7 0.996 0 -0.002 0.089
1438883983.894883092 651.6 175.2 25.7 0.996 0 -0.002 0.089
1438883983.925652253 651.9 175.3 25.7 0.996 0 -0.002 0.089
1438883983.955330370 652.2 175.3 25.7 0.996 0 -0.002 0.089
1438883983.984947145 652.5 175.4 25.7 0.996 0 -0.002 0.089
1438883984.018056892 652.8 175.4 25.6 0.996 0 -0.002 0.089
1438883984.045927568 653.1 175.5 25.6 0.996 0 -0.002 0.089
1438883984.078843471 653.3 175.5 25.7 0.996 0 -0.002 0.089
1438883984.105575543 653.7 175.6 25.7 0.996 0 -0.002 0.089
1438883984.138543543 654 175.6 25.7 0.996 0 -0.002 0.089
1438883984.165501305 654.3 175.7 25.7 0.996 0 -0.002 0.089
1438883984.198332848 654.6 175.7 25.7 0.996 0 -0.002 0.089
1438883984.228393376 654.9 175.8 25.7 0.996 0 -0.002 0.089
1438883984.261256545 655.2 175.9 25.7 0.996 0 -0.002 0.089
1438883984.288694610 655.5 175.9 25.7 0.996 0 -0.002 0.089
1438883984.318653027 655.7 176 25.7 0.996 0 -0.002 0.089
1438883984.348593528 656.1 176 25.7 0.996 0 -0.002 0.089
1438883984.381621722 656.3 176.1 25.7 0.996 0 -0.002 0.089
1438883984.408305127 656.6 176.1 25.7 0.996 0 -0.002 0.089
1438883984.441160592 656.9 176.2 25.7 0.996 0 -0.002 0.089
1438883984.468746406 657.2 176.2 25.7 0.996 0 -0.002 0.089
1438883984.501583957 657.5 176.3 25.7 0.996 0 -0.002 0.089
1438883984.528136443 657.8 176.3 25.7 0.996 0 -0.002 0.089
1438883984.561202109 658.1 176.4 25.7 0.996 0 -0.002 0.089
1438883984.591823398 658.4 176.5 25.7 0.996 0 -0.002 0.089
1438883984.621557787 658.7 176.5 25.7 0.996 0 -0.002 0.089
1438883984.651345355 659 176.6 25.7 0.996 0 -0.002 0.089
1438883984.681126996 659.3 176.6 25.7 0.996 0 -0.002 0.089
1438883984.711836639 659.6 176.7 25.7 0.996 0 -0.002 0.089
1438883984.741492906 659.9 176.7 25.7 0.996 0 -0.002 0.089
1438883984.771234802 660.2 176.8 25.7 0.996 0 -0.002 0.089
1438883984.801032309 660.5 176.8 25.7 0.996 0 -0.002 0.089
1438883984.828535002 660.8 176.9 25.7 0.996 0 -0.002 0.089
1438883984.861472113 661.1 176.9 25.7 0.996 0 -0.002 0.089
1438883984.891213382 661.4 177 25.7 0.996 0 -0.002 0.089
1438883984.921351255 661.7 177 25.7 0.996 0 -0.002 0.089
1438883984.948559380 662 177.1 25.7 0.996 0 -0.002 0.089
1438883984.980970673 662.3 177.1 25.7 0.996 0 -0.002 0.089
1438883985.008715991 662.6 177.2 25.7 0.996 0 -0.002 0.089
1438883985.041771053 662.8 177.2 25.7 0.996 0 -0.002 0.089
1438883985.068684563 663.2 177.3 25.7 0.996 0 -0.002 0.089
1438883985.101175827 663.4 177.3 25.7 0.996 0 -0.002 0.089
1438883985.128521507 663.7 177.4 25.7 0.996 0 -0.002 0.089
1438883985.161078432 664 177.5 25.7 0.996 0 -0.002 0.089
1438883985.191286616 664.3 177.5 25.7 0.996 0 -0.002 0.089
1438883985.221239976 664.6 177.6 25.7 0.996 0 -0.002 0.089
1438883985.248747049 664.9 177.6 25.8 0.996 0 -0.002 0.089
1438883985.281724519 665.2 177.7 25.8 0.996 0 -0.002 0.089
1438883985.311079264 665.5 177.7 25.8 0.996 0 -0.002 0.089
1438883985.341632349 665.8 177.8 25.8 0.996 0 -0.002 0.089
1438883985.368314541 666.1 177.8 25.8 0.996 0 -0.002 0.089
1438883985.401373572 666.4 177.9 25.7 0.996 0 -0.002 0.089
1438883985.428044155 666.7 177.9 25.8 0.996 0 -0.002 0.089
1438883985.460908501 667 178 25.8 0.996 0 -0.002 0.089
1438883985.488333389 667.3 178 25.8 0.996 0 -0.002 0.089
1438883985.521270786 667.6 178.1 25.8 0.996 0 -0.002 0.089
1438883985.551024430 667.9 178.1 25.8 0.996 0 -0.002 0.089
664.546 94.4069 13.3724 0.999259 0.0134399 -0.0005025 -0.0360697
674.573 92.6694 14.5488 0.999335 -0.00298385 -0.00412347 0.0361084
0
83
1438884018.283149030 779 84.7 25.8 0.929 0 -0.005 0.37
1438884018.283970695 779 84.7 25.8 0.929 0 -0.005 0.37
1438884018.314819439 779 84.7 25.8 0.929 0 -0.005 0.37
1438884018.347916555 779 84.7 25.8 0.929 0 -0.005 0.37
1438884018.374551006 779 84.7 25.8 0.929 0 -0.005 0.37
1438884018.407277271 779.1 84.8 25.8 0.929 0 -0.005 0.37
1438884018.437122951 779.3 84.9 25.8 0.929 0 -0.005 0.37
1438884018.466993584 779.5 85.1 25.8 0.929 0 -0.005 0.37
1438884018.496897447 779.7 85.4 25.8 0.929 0 -0.005 0.37
1438884018.527779251 779.9 85.6 25.8 0.929 0 -0.005 0.37
1438884018.557739187 780.1 85.8 25.8 0.929 0 -0.005 0.37
1438884018.587385350 780.3 86 25.8 0.929 0 -0.005 0.37
1438884018.617237120 780.6 86.2 25.8 0.929 0 -0.005 0.37
1438884018.650337951 780.8 86.4 25.8 0.929 0 -0.005 0.37
1438884018.677018454 781 86.6 25.8 0.929 0 -0.005 0.37
1438884018.707760635 781.2 86.8 25.9 0.929 0 -0.005 0.37
1438884018.737660548 781.5 87 25.9 0.929 0 -0.005 0.37
1438884018.770633712 781.7 87.2 25.9 0.929 0 -0.005 0.37
1438884018.797320084 781.9 87.4 25.9 0.929 0 -0.005 0.37
1438884018.833385236 782.1 87.6 25.9 0.929 0 -0.005 0.37
1438884018.859942486 782.3 87.9 25.9 0.929 0 -0.005 0.37
1438884018.893806538 782.6 88.1 25.9 0.929 0 -0.005 0.37
1438884018.923615557 782.8 88.3 25.9 0.929 0 -0.005 0.37
1438884018.953470087 783 88.5 25.9 0.929 0 -0.005 0.37
1438884018.983202030 783.2 88.7 25.9 0.929 0 -0.005 0.37
1438884019.012846649 783.4 88.9 25.9 0.929 0 -0.005 0.37
1438884019.040461523 783.7 89.1 25.9 0.929 0 -0.005 0.37
1438884019.073308267 783.9 89.3 25.9 0.929 0 -0.005 0.37
1438884019.103247654 784.1 89.5 26 0.929 0 -0.005 0.37
1438884019.133215790 784.3 89.7 26 0.929 0 -0.005 0.37
1438884019.160794739 784.6 89.9 26 0.929 0 -0.005 0.37
1438884019.193773226 784.8 90.1 26 0.929 0 -0.005 0.37
1438884019.220228253 785 90.4 26 0.929 0 -0.005 0.37
1438884019.252977407 785.2 90.6 26 0.929 0 -0.005 0.37
1438884019.280478779 785.4 90.8 26 0.929 0 -0.005 0.37
1438884019.313281718 785.6 91 26 0.929 0 -0.005 0.37
1438884019.340672075 785.9 91.2 26 0.929 0 -0.005 0.37
1438884019.373518885 786.1 91.4 26 0.929 0 -0.005 0.37
1438884019.403267954 786.3 91.6 26 0.929 0 -0.005 0.37
1438884019.433129309 786.5 91.8 26 0.929 0 -0.005 0.37
1438884019.463696360 786.7 92 26 0.929 0 -0.005 0.37
1438884019.493128671 786.9 92.2 26 0.929 0 -0.005 0.37
1438884019.522812524 787.2 92.4 26 0.929 0 -0.005 0.37
1438884019.553827222 787.4 92.6 26.1 0.929 0 -0.005 0.37
1438884019.583755568 787.6 92.9 26.1 0.929 0 -0.005 0.37
1438884019.616840281 787.8 93.1 26.1 0.929 0 -0.005 0.37
1438884019.646580843 788.1 93.3 26.1 0.929 0 -0.005 0.37
1438884019.676284748 788.3 93.4 26.1 0.929 0 -0.005 0.37
1438884019.706906145 788.5 93.7 26.1 0.929 0 -0.005 0.37
1438884019.739887991 788.7 93.9 26.1 0.929 0 -0.005 0.37
1438884019.766406908 788.9 94.1 26.1 0.929 0 -0.005 0.37
1438884019.799382123 789.1 94.3 26.1 0.929 0 -0.005 0.37
1438884019.829063641 789.4 94.5 26.1 0.929 0 -0.005 0.37
1438884019.859451683 789.6 94.7 26.1 0.929 0 -0.005 0.37
1438884019.887077093 789.8 94.9 26.1 0.929 0 -0.005 0.37
1438884019.920128024 790 95.1 26.1 0.929 0 -0.005 0.37
1438884019.946991117 790.2 95.3 26.1 0.929 0 -0.005 0.37
1438884019.979452902 790.5 95.5 26.1 0.929 0 -0.005 0.37
1438884020.008981488 790.7 95.7 26.1 0.929 0 -0.005 0.37
1438884020.039584406 790.9 95.9 26.2 0.929 0 -0.005 0.37
1438884020.069048656 791.1 96.1 26.2 0.929 0 -0.005 0.37
1438884020.099633721 791.4 96.3 26.2 0.929 0 -0.005 0.37
1438884020.129144869 791.6 96.6 26.2 0.929 0 -0.005 0.37
1438884020.159730081 791.8 96.8 26.2 0.929 0 -0.005 0.37
1438884020.189258150 792 97 26.2 0.929 0 -0.005 0.37
1438884020.219785206 792.2 97.2 26.2 0.929 0 -0.005 0.37
1438884020.249304072 792.4 97.4 26.2 0.929 0 -0.005 0.37
1438884020.281991546 792.6 97.6 26.2 0.929 0 -0.005 0.37
1438884020.309277273 792.9 97.8 26.2 0.929 0 -0.005 0.37
1438884020.342048319 793.1 98 26.2 0.929 0 -0.005 0.37
1438884020.369515995 793.3 98.2 26.2 0.929 0 -0.005 0.37
1438884020.402267471 793.5 98.4 26.3 0.929 0 -0.005 0.37
1438884020.429753909 793.8 98.6 26.3 0.929 0 -0.005 0.37
1438884020.462541041 794 98.8 26.3 0.929 0 -0.005 0.37
1438884020.488926924 794.2 99 26.3 0.929 0 -0.005 0.37
1438884020.522756325 794.4 99.2 26.3 0.929 0 -0.005 0.37
1438884020.552185473 794.7 99.5 26.3 0.929 0 -0.005 0.37
1438884020.582856811 794.9 99.7 26.3 0.929 0 -0.005 0.37
1438884020.612499541 795.1 99.9 26.3 0.929 0 -0.005 0.37
1438884020.645168010 795.3 100.1 26.3 0.929 0 -0.005 0.37
1438884020.672528523 795.5 100.3 26.3 0.929 0 -0.005 0.37
1438884020.705571241 795.7 100.5 26.3 0.929 0 -0.005 0.37
1438884020.738340127 796 100.7 26.3 0.929 0 -0.005 0.37
674.593 92.5226 14.6527 0.999321 -0.00445446 -0.00384978 0.0363851
683.462 89.1186 15.3895 0.98895 -0.0133763 -0.00503972 0.147562
0
84
1438884056.882277362 788.4 98.9 28 0.75 0 0.003 0.662
1438884056.894784167 788.4 98.9 28 0.75 0 0.003 0.662
1438884056.925479562 788.4 98.9 28 0.75 0 0.003 0.662
1438884056.951708017 788.4 98.9 28 0.75 0 0.003 0.662
1438884056.985148212 788.4 98.9 28 0.75 0 0.003 0.662
1438884057.012233398 788.4 99 28 0.75 0 0.003 0.662
1438884057.044928507 788.5 99.3 28 0.75 0 0.003 0.662
1438884057.075287595 788.5 99.6 28 0.75 0 0.003 0.662
1438884057.105025848 788.5 99.9 28 0.75 0 0.003 0.662
1438884057.132475260 788.6 100.2 28 0.75 0 0.003 0.662
1438884057.165357954 788.6 100.5 28 0.75 0 0.003 0.662
1438884057.192101212 788.6 100.8 28 0.75 0 0.003 0.662
1438884057.225258829 788.7 101.1 28 0.75 0 0.003 0.662
1438884057.255263669 788.7 101.4 28 0.75 0 0.003 0.662
1438884057.285024150 788.8 101.7 28 0.75 0 0.003 0.662
1438884057.314938697 788.8 102 28 0.75 0 0.003 0.662
1438884057.347952205 788.8 102.3 28 0.75 0 0.003 0.662
1438884057.375517216 788.9 102.6 28 0.75 0 0.003 0.662
1438884057.410939137 788.9 102.9 28 0.75 0 0.003 0.662
1438884057.438537415 789 103.3 28 0.75 0 0.003 0.662
1438884057.471410768 789 103.5 28 0.75 0 0.003 0.662
1438884057.501254325 789 103.9 28 0.75 0 0.003 0.662
1438884057.531170679 789.1 104.1 28 0.75 0 0.003 0.662
1438884057.561119096 789.1 104.5 28 0.75 0 0.003 0.662
1438884057.590875942 789.1 104.7 28 0.75 0 0.003 0.662
1438884057.618471578 789.2 105.1 28 0.75 0 0.003 0.662
1438884057.651642412 789.2 105.3 28 0.75 0 0.003 0.662
1438884057.678301943 789.3 105.6 28 0.75 0 0.003 0.662
1438884057.711398633 789.3 105.9 28 0.75 0 0.003 0.662
1438884057.741253130 789.3 106.2 27.9 0.75 0 0.003 0.662
1438884057.774092778 789.4 106.5 27.9 0.75 0 0.003 0.662
1438884057.800889947 789.4 106.8 27.9 0.75 0 0.003 0.662
1438884057.835059343 789.4 107.2 27.9 0.75 0 0.003 0.662
1438884057.864437417 789.5 107.5 27.9 0.75 0 0.003 0.662
1438884057.894683141 789.5 107.7 27.9 0.75 0 0.003 0.662
1438884057.924747181 789.6 108.1 27.9 0.75 0 0.003 0.662
1438884057.954464273 789.6 108.3 27.9 0.75 0 0.003 0.662
1438884057.984802385 789.6 108.7 27.9 0.75 0 0.003 0.662
1438884058.017676913 789.7 108.9 27.9 0.75 0 0.003 0.662
1438884058.044016889 789.7 109.3 27.9 0.75 0 0.003 0.662
1438884058.077491693 789.8 109.6 27.9 0.75 0 0.003 0.662
1438884058.104423625 789.8 109.9 27.9 0.75 0 0.003 0.662
1438884058.137282332 789.8 110.2 27.9 0.75 0 0.003 0.662
1438884058.163862707 789.9 110.4 27.9 0.75 0 0.003 0.662
1438884058.197714799 789.9 110.7 27.9 0.75 0 0.003 0.662
1438884058.227435513 789.9 111.1 27.9 0.75 0 0.003 0.662
1438884058.256920120 790 111.3 27.9 0.75 0 0.003 0.662
1438884058.287625193 790 111.7 27.9 0.75 0 0.003 0.662
1438884058.317273278 790.1 112 27.9 0.75 0 0.003 0.662
1438884058.346837828 790.1 112.3 27.9 0.75 0 0.003 0.662
1438884058.379895449 790.1 112.6 27.9 0.75 0 0.003 0.662
1438884058.404441775 790.2 112.9 27.9 0.75 0 0.003 0.662
1438884058.437256038 790.2 113.1 27.9 0.75 0 0.003 0.662
1438884058.467058839 790.2 113.4 27.9 0.75 0 0.003 0.662
1438884058.496715249 790.3 113.7 27.9 0.75 0 0.003 0.662
1438884058.527343862 790.3 114 27.9 0.75 0 0.003 0.662
1438884058.557117908 790.4 114.3 27.9 0.75 0 0.003 0.662
1438884058.586842181 790.4 114.6 27.9 0.75 0 0.003 0.662
1438884058.617518423 790.4 114.9 27.9 0.75 0 0.003 0.662
1438884058.647302689 790.5 115.2 27.9 0.75 0 0.003 0.662
1438884058.677220302 790.5 115.5 27.9 0.75 0 0.003 0.662
1438884058.706975227 790.5 115.8 27.9 0.75 0 0.003 0.662
1438884058.737816713 790.6 116.1 27.9 0.75 0 0.003 0.662
1438884058.767723530 790.6 116.4 27.8 0.75 0 0.003 0.662
1438884058.797355507 790.6 116.7 27.9 0.75 0 0.003 0.662
1438884058.827196917 790.7 117 27.9 0.75 0 0.003 0.662
1438884058.857265100 790.7 117.3 27.9 0.75 0 0.003 0.662
1438884058.887113219 790.8 117.6 27.8 0.75 0 0.003 0.662
1438884058.916975711 790.8 117.9 27.8 0.75 0 0.003 0.662
1438884058.947909628 790.8 118.2 27.9 0.75 0 0.003 0.662
1438884058.980527675 790.9 118.5 27.9 0.75 0 0.003 0.662
1438884059.007240785 790.9 118.8 27.9 0.75 0 0.003 0.662
1438884059.040433729 791 119.1 27.8 0.75 0 0.003 0.662
1438884059.070575933 791 119.4 27.8 0.75 0 0.003 0.662
1438884059.100169869 791 119.7 27.8 0.75 0 0.003 0.662
1438884059.127741471 791.1 120 27.8 0.75 0 0.003 0.662
1438884059.160410643 791.1 120.3 27.8 0.75 0 0.003 0.662
1438884059.190053522 791.2 120.6 27.8 0.75 0 0.003 0.662
1438884059.220508943 791.2 120.9 27.8 0.75 0 0.003 0.662
1438884059.250245490 791.2 121.2 27.8 0.75 0 0.003 0.662
1438884059.279853874 791.3 121.4 27.8 0.75 0 0.003 0.662
1438884059.307389776 791.3 121.8 27.8 0.75 0 0.003 0.662
1438884059.333878708 791.3 122 27.8 0.75 0 0.003 0.662
1438884059.364602192 791.4 122.3 27.8 0.75 0 0.003 0.662
683.467 89.1041 15.3999 0.988941 -0.0134725 -0.0049791 0.14761
687.147 93.758 14.671 0.998734 0.000488902 0.000785328 0.0502941
0
83
1438884093.593979263 652.1 185 25.1 0.994 0 -0.002 0.109
1438884093.606194746 652.1 185 25.1 0.994 0 -0.002 0.109
1438884093.635906727 652.1 185 25.1 0.994 0 -0.002 0.109
1438884093.663625224 652.1 185 25.1 0.994 0 -0.002 0.109
1438884093.695734901 652.1 185 25.1 0.994 0 -0.002 0.109
1438884093.723553078 652.4 185.1 25.1 0.994 0 -0.002 0.109
1438884093.756661307 652.6 185.1 25.1 0.994 0 -0.002 0.109
1438884093.786481411 653 185.2 25.1 0.994 0 -0.002 0.109
1438884093.816178104 653.2 185.3 25.1 0.994 0 -0.002 0.109
1438884093.845923694 653.5 185.3 25.1 0.994 0 -0.002 0.109
1438884093.875970425 653.8 185.4 25.1 0.994 0 -0.002 0.109
1438884093.903558173 654.1 185.4 25.1 0.994 0 -0.002 0.109
1438884093.936670120 654.4 185.5 25.1 0.994 0 -0.002 0.109
1438884093.966370773 654.7 185.6 25.1 0.994 0 -0.002 0.109
1438884093.996177370 654.9 185.6 25.1 0.994 0 -0.002 0.109
1438884094.026037309 655.3 185.7 25.1 0.994 0 -0.002 0.109
1438884094.059240787 655.5 185.8 25.1 0.994 0 -0.002 0.109
1438884094.085653664 655.9 185.9 25.1 0.994 0 -0.002 0.109
1438884094.116668972 656.1 185.9 25.1 0.994 0 -0.002 0.109
1438884094.148768281 656.5 186 25.1 0.994 0 -0.002 0.109
1438884094.179567491 656.8 186 25.1 0.994 0 -0.002 0.109
1438884094.209244308 657.1 186.1 25.1 0.994 0 -0.002 0.109
1438884094.238776248 657.3 186.2 25.1 0.994 0 -0.002 0.109
1438884094.266384085 657.7 186.2 25.1 0.994 0 -0.002 0.109
1438884094.299122856 657.9 186.3 25.1 0.994 0 -0.002 0.109
1438884094.326647366 658.2 186.4 25.1 0.994 0 -0.002 0.109
1438884094.359420575 658.5 186.4 25.2 0.994 0 -0.002 0.109
1438884094.388952332 658.8 186.5 25.1 0.994 0 -0.002 0.109
1438884094.419717239 659.1 186.6 25.1 0.994 0 -0.002 0.109
1438884094.449536184 659.4 186.6 25.2 0.994 0 -0.002 0.109
1438884094.482697125 659.7 186.7 25.2 0.994 0 -0.002 0.109
1438884094.509515837 660 186.8 25.2 0.994 0 -0.002 0.109
1438884094.542507867 660.3 186.8 25.2 0.994 0 -0.002 0.109
1438884094.572225321 660.6 186.9 25.2 0.994 0 -0.002 0.109
1438884094.605026031 660.9 187 25.2 0.994 0 -0.002 0.109
1438884094.632653104 661.2 187 25.2 0.994 0 -0.002 0.109
1438884094.665545142 661.5 187.1 25.2 0.994 0 -0.002 0.109
1438884094.692075485 661.8 187.2 25.2 0.994 0 -0.002 0.109
1438884094.725309840 662.1 187.2 25.2 0.994 0 -0.002 0.109
1438884094.755237791 662.4 187.3 25.2 0.994 0 -0.002 0.109
1438884094.785011097 662.7 187.4 25.2 0.994 0 -0.002 0.109
1438884094.812566012 663 187.4 25.2 0.994 0 -0.002 0.109
1438884094.845390889 663.2 187.5 25.2 0.994 0 -0.002 0.109
1438884094.874967665 663.6 187.6 25.2 0.994 0 -0.002 0.109
1438884094.904880953 663.8 187.6 25.2 0.994 0 -0.002 0.109
1438884094.935574953 664.2 187.7 25.2 0.994 0 -0.002 0.109
1438884094.968353031 664.4 187.8 25.2 0.994 0 -0.002 0.109
1438884094.994923858 664.7 187.8 25.2 0.994 0 -0.002 0.109
1438884095.025529178 665 187.9 25.2 0.994 0 -0.002 0.109
1438884095.055315158 665.3 188 25.2 0.994 0 -0.002 0.109
1438884095.088299376 665.6 188 25.2 0.994 0 -0.002 0.109
1438884095.115071604 665.9 188.1 25.2 0.994 0 -0.002 0.109
1438884095.144921700 666.2 188.2 25.2 0.994 0 -0.002 0.109
1438884095.174785261 666.5 188.2 25.2 0.994 0 -0.002 0.109
1438884095.205696543 666.8 188.3 25.2 0.994 0 -0.002 0.109
1438884095.235633640 667.1 188.4 25.2 0.994 0 -0.002 0.109
1438884095.265665761 667.4 188.4 25.2 0.994 0 -0.002 0.109
1438884095.295514600 667.7 188.5 25.2 0.994 0 -0.002 0.109
1438884095.328181594 668 188.5 25.2 0.994 0 -0.002 0.109
1438884095.355567385 668.3 188.6 25.2 0.994 0 -0.002 0.109
1438884095.388450404 668.6 188.7 25.2 0.994 0 -0.002 0.109
1438884095.417941969 668.9 188.8 25.2 0.994 0 -0.002 0.109
1438884095.447896276 669.2 188.8 25.2 0.994 0 -0.002 0.109
1438884095.475652239 669.5 188.9 25.2 0.994 0 -0.002 0.109
1438884095.508087558 669.7 188.9 25.2 0.994 0 -0.002 0.109
1438884095.535721211 670 189 25.2 0.994 0 -0.002 0.109
1438884095.571542217 670.3 189.1 25.2 0.994 0 -0.002 0.109
1438884095.597878817 670.7 189.1 25.2 0.994 0 -0.002 0.109
1438884095.630807466 670.9 189.2 25.2 0.994 0 -0.002 0.109
1438884095.658426573 671.2 189.3 25.2 0.994 0 -0.002 0.109
1438884095.691235536 671.5 189.3 25.2 0.994 0 -0.002 0.109
1438884095.717891052 671.8 189.4 25.2 0.994 0 -0.002 0.109
1438884095.754344457 672.1 189.5 25.2 0.994 0 -0.002 0.109
1438884095.784586241 672.4 189.5 25.3 0.994 0 -0.002 0.109
1438884095.814285327 672.7 189.6 25.3 0.994 0 -0.002 0.109
1438884095.844039811 673 189.7 25.3 0.994 0 -0.002 0.109
1438884095.873907974 673.3 189.7 25.3 0.994 0 -0.002 0.109
1438884095.903850654 673.6 189.8 25.3 0.994 0 -0.002 0.109
1438884095.934669923 673.9 189.9 25.3 0.994 0 -0.002 0.109
1438884095.964526244 674.2 189.9 25.3 0.994 0 -0.002 0.109
1438884095.994548354 674.5 190 25.3 0.994 0 -0.002 0.109
1438884096.027548949 674.8 190.1 25.3 0.994 0 -0.002 0.109
1438884096.057342762 675.1 190.1 25.3 0.994 0 -0.002 0.109
687.14 93.7013 14.713 0.998734 -5.48038e-05 0.00095821 0.0503009
503.127 -1.51641 13.5409 0.998154 -0.00741634 -0.00345149 0.0601724
0
83
1438884127.052929540 681.1 134.1 27.2 0.997 0 0 0.075
1438884127.062080797 681.1 134.1 27.2 0.997 0 0 0.075
1438884127.095011024 681.1 134.1 27.2 0.997 0 0 0.075
1438884127.127935493 681.1 134.1 27.2 0.997 0 0 0.075
1438884127.158607984 681.1 134.1 27.2 0.997 0 0 0.075
1438884127.188175582 681.3 134.1 27.2 0.997 0 0 0.075
1438884127.218065072 681.6 134.2 27.2 0.997 0 0 0.075
1438884127.248038401 681.8 134.2 27.2 0.997 0 0 0.075
1438884127.275510295 682.1 134.3 27.2 0.997 0 0 0.075
1438884127.308456975 682.4 134.3 27.2 0.997 0 0 0.075
1438884127.338385052 682.7 134.3 27.2 0.997 0 0 0.075
1438884127.368238362 683 134.4 27.2 0.997 0 0 0.075
1438884127.398193662 683.3 134.4 27.2 0.997 0 0 0.075
1438884127.428054463 683.6 134.5 27.2 0.997 0 0.001 0.075
1438884127.455707906 683.9 134.5 27.2 0.997 0 0 0.075
1438884127.488672029 684.2 134.6 27.2 0.997 0 0 0.075
1438884127.518372725 684.5 134.6 27.2 0.997 0 0.001 0.075
1438884127.554394735 684.8 134.6 27.2 0.997 0 0.001 0.075
1438884127.580804721 685.1 134.7 27.2 0.997 0 0.001 0.075
1438884127.611494270 685.4 134.7 27.2 0.997 0 0.001 0.075
1438884127.641145191 685.7 134.8 27.2 0.997 0 0.001 0.075
1438884127.670915924 686 134.8 27.2 0.997 0 0 0.075
1438884127.700681991 686.3 134.9 27.2 0.997 0 0 0.075
1438884127.733668261 686.6 134.9 27.2 0.997 0 0 0.075
1438884127.761250176 686.9 135 27.2 0.997 0 0 0.075
1438884127.794104889 687.2 135 27.2 0.997 0 0 0.075
1438884127.823852150 687.5 135.1 27.2 0.997 0 0 0.075
1438884127.854523676 687.8 135.1 27.2 0.997 0 0 0.075
1438884127.884151011 688.1 135.2 27.2 0.997 0 0 0.075
1438884127.913860278 688.4 135.2 27.2 0.997 0 0 0.075
1438884127.944438480 688.7 135.2 27.2 0.997 0 0 0.075
1438884127.974033386 689 135.3 27.2 0.997 0 0 0.075
1438884128.001492126 689.3 135.3 27.2 0.997 0 0 0.075
1438884128.034309441 689.6 135.4 27.2 0.997 0 0 0.075
1438884128.063889723 689.9 135.4 27.2 0.997 0 0 0.075
1438884128.094424836 690.1 135.5 27.2 0.997 0 0 0.075
1438884128.124004538 690.5 135.5 27.2 0.997 0 0 0.075
1438884128.154585331 690.8 135.6 27.2 0.997 0 0 0.075
1438884128.184160212 691.1 135.6 27.2 0.997 0 0 0.075
1438884128.213778216 691.4 135.6 27.2 0.997 0 0 0.075
1438884128.241177002 691.7 135.7 27.2 0.997 0 0 0.075
1438884128.273983132 692 135.7 27.2 0.997 0 0 0.075
1438884128.304477803 692.3 135.8 27.2 0.997 0 0 0.075
1438884128.337236783 692.6 135.8 27.2 0.997 0 0 0.075
1438884128.364636367 692.9 135.9 27.2 0.997 0 0 0.075
1438884128.397318697 693.1 135.9 27.2 0.997 0 0 0.075
1438884128.423853335 693.5 136 27.2 0.997 0 0 0.075
1438884128.454528009 693.8 136 27.2 0.997 0 0 0.075
1438884128.484187039 694.1 136.1 27.2 0.997 0 0 0.075
1438884128.517111976 694.4 136.1 27.2 0.997 0 0 0.075
1438884128.544642078 694.7 136.1 27.2 0.997 0 0 0.075
1438884128.577346012 695 136.2 27.2 0.997 0 0 0.075
1438884128.607020644 695.3 136.2 27.2 0.997 0 0 0.075
1438884128.636730378 695.5 136.3 27.2 0.997 0 0 0.075
1438884128.664160502 695.8 136.3 27.2 0.997 0 0.001 0.075
1438884128.697013779 696.1 136.4 27.2 0.997 0 0.001 0.075
1438884128.724422121 696.4 136.4 27.2 0.997 0 0 0.075
1438884128.757509783 696.7 136.4 27.2 0.997 0 0 0.075
1438884128.787483188 697 136.5 27.2 0.997 0 0.001 0.075
1438884128.820416391 697.3 136.5 27.2 0.997 0 0.001 0.075
1438884128.846869430 697.6 136.6 27.2 0.997 0 0.001 0.075
1438884128.877471584 697.9 136.6 27.2 0.997 0 0 0.075
1438884128.907110256 698.3 136.7 27.2 0.997 0 0 0.075
1438884128.939992463 698.5 136.7 27.2 0.997 0 0 0.075
1438884128.967459600 698.9 136.8 27.2 0.997 0 0 0.075
1438884129.000200077 699.1 136.8 27.2 0.997 0 0 0.075
1438884129.027693881 699.4 136.9 27.2 0.997 0 0 0.075
1438884129.060534815 699.7 136.9 27.2 0.997 0 0 0.075
1438884129.087013300 700 136.9 27.2 0.997 0 0.001 0.075
1438884129.119813549 700.3 137 27.2 0.997 0 0.001 0.075
1438884129.147353722 700.6 137 27.2 0.997 0 0 0.075
1438884129.180213598 700.9 137.1 27.2 0.997 0 0 0.075
1438884129.207634816 701.2 137.1 27.2 0.997 0 0 0.075
1438884129.240511132 701.5 137.2 27.2 0.997 0 0 0.075
1438884129.267048797 701.8 137.2 27.2 0.997 0 0 0.075
1438884129.299752660 702.1 137.2 27.2 0.997 0 0 0.075
1438884129.330426308 702.4 137.3 27.2 0.997 0 0 0.075
1438884129.363282802 702.7 137.3 27.2 0.997 0 0 0.075
1438884129.392948973 703 137.4 27.2 0.997 0 0 0.075
1438884129.423630882 703.3 137.4 27.2 0.997 0 0 0.075
1438884129.453205197 703.6 137.5 27.2 0.997 0 0 0.075
1438884129.485941374 703.9 137.5 27.2 0.997 0 0 0.075
1438884129.513308078 704.2 137.6 27.2 0.997 0 0 0.075
503.052 -1.6755 13.7882 0.998134 -0.00869579 -0.00251633 0.0603839
484.866 9.41402 10.8205 0.994081 0.0352051 0.00491168 -0.102663
0
82
1438884161.611951997 594.1 63.8 25.7 0.683 -0.006 0 -0.73
1438884161.613479658 594.1 63.8 25.7 0.683 -0.006 0 -0.73
1438884161.649619150 594.1 63.8 25.7 0.683 -0.006 0 -0.73
1438884161.682502631 594.1 63.8 25.7 0.683 -0.006 0 -0.73
1438884161.712065313 594.1 63.8 25.7 0.683 -0.006 0 -0.73
1438884161.739634321 594.1 63.7 25.7 0.683 -0.006 0 -0.73
1438884161.772685331 594.1 63.4 25.7 0.683 -0.006 0 -0.73
1438884161.799233932 594 63.1 25.7 0.683 -0.006 0 -0.73
1438884161.832228712 594 62.8 25.7 0.683 -0.006 0 -0.73
1438884161.865263132 594 62.4 25.7 0.683 -0.006 0 -0.73
1438884161.898213130 594 62.1 25.7 0.683 -0.006 0 -0.73
1438884161.927960789 594 61.8 25.7 0.683 -0.006 0 -0.73
1438884161.960918681 594 61.5 25.7 0.683 -0.006 0 -0.73
1438884161.988508576 593.9 61.2 25.7 0.683 -0.006 0 -0.73
1438884162.021636877 593.9 60.9 25.8 0.683 -0.006 0 -0.73
1438884162.051517603 593.9 60.6 25.8 0.683 -0.006 0 -0.73
1438884162.084421101 593.9 60.3 25.8 0.683 -0.006 0 -0.73
1438884162.111076248 593.9 60 25.8 0.683 -0.006 0 -0.73
1438884162.144127644 593.8 59.7 25.8 0.683 -0.006 0 -0.73
1438884162.171718468 593.8 59.4 25.8 0.683 -0.006 0 -0.73
1438884162.204764642 593.8 59.1 25.8 0.683 -0.006 0 -0.73
1438884162.231371544 593.8 58.8 25.8 0.683 -0.006 0 -0.73
1438884162.261472170 593.8 58.5 25.8 0.683 -0.006 0 -0.73
1438884162.291660953 593.7 58.2 25.8 0.683 -0.006 0 -0.73
1438884162.324684675 593.7 57.9 25.8 0.683 -0.006 0 -0.73
1438884162.351686715 593.7 57.6 25.8 0.683 -0.006 0 -0.73
1438884162.383803357 593.7 57.3 25.8 0.683 -0.006 0 -0.73
1438884162.414048835 593.7 56.9 25.8 0.683 -0.006 0 -0.73
1438884162.447453937 593.6 56.7 25.8 0.683 -0.006 0 -0.73
1438884162.474479767 593.6 56.3 25.8 0.683 -0.006 0 -0.73
1438884162.504807416 593.6 56.1 25.8 0.683 -0.006 0 -0.73
1438884162.534535363 593.6 55.7 25.9 0.683 -0.006 0 -0.73
1438884162.567312067 593.6 55.5 25.9 0.683 -0.006 0 -0.73
1438884162.593885618 593.6 55.1 25.9 0.683 -0.006 0 -0.73
1438884162.624607001 593.5 54.9 25.9 0.683 -0.006 0 -0.73
1438884162.653933887 593.5 54.5 25.9 0.683 -0.006 0 -0.73
1438884162.684705123 593.5 54.3 25.9 0.683 -0.006 0 -0.73
1438884162.714228363 593.5 54 25.9 0.683 -0.006 0 -0.73
1438884162.743880104 593.5 53.7 25.9 0.683 -0.006 0 -0.73
1438884162.773690870 593.4 53.4 25.9 0.683 -0.006 0 -0.73
1438884162.804047735 593.4 53.1 25.9 0.683 -0.006 0 -0.73
1438884162.834759074 593.4 52.7 25.9 0.683 -0.006 0 -0.73
1438884162.864343463 593.4 52.5 25.9 0.683 -0.006 0 -0.73
1438884162.893870554 593.4 52.2 25.9 0.683 -0.006 0 -0.73
1438884162.928596355 593.3 51.9 25.9 0.683 -0.006 0 -0.73
1438884162.953982246 593.3 51.6 25.9 0.683 -0.006 0 -0.73
1438884162.984543778 593.3 51.3 25.9 0.683 -0.006 0 -0.73
1438884163.013960416 593.3 51 25.9 0.683 -0.006 0 -0.73
1438884163.046871231 593.3 50.7 26 0.683 -0.006 0 -0.73
1438884163.074398773 593.3 50.3 26 0.683 -0.006 0 -0.73
1438884163.107375954 593.2 50.1 26 0.683 -0.006 0 -0.73
1438884163.134030779 593.2 49.7 26 0.683 -0.006 0 -0.73
1438884163.167085688 593.2 49.5 26 0.683 -0.006 0 -0.73
1438884163.194458499 593.2 49.1 26 0.683 -0.006 0 -0.73
1438884163.227280300 593.2 48.8 26 0.683 -0.006 0 -0.73
1438884163.254289533 593.1 48.5 26 0.683 -0.006 0 -0.73
1438884163.286945624 593.1 48.2 26 0.683 -0.006 0 -0.73
1438884163.317454491 593.1 47.9 26 0.683 -0.006 0 -0.73
1438884163.350456062 593.1 47.7 26 0.683 -0.006 0 -0.73
1438884163.376983738 593 47.3 26 0.683 -0.006 0 -0.73
1438884163.407371062 593 47.1 26 0.683 -0.006 0 -0.73
1438884163.436885282 593 46.7 26 0.683 -0.006 0 -0.73
1438884163.470671368 593 46.4 26 0.683 -0.006 0 -0.73
1438884163.499773762 593 46.1 26 0.683 -0.006 0 -0.73
1438884163.533138691 593 45.8 26 0.683 -0.006 0 -0.73
1438884163.559783373 592.9 45.5 26 0.683 -0.006 0 -0.73
1438884163.590581715 592.9 45.2 26 0.683 -0.006 0 -0.73
1438884163.620428095 592.9 44.9 26 0.683 -0.006 0 -0.73
1438884163.653360293 592.9 44.7 26.1 0.683 -0.006 0 -0.73
1438884163.680014227 592.9 44.3 26.1 0.683 -0.006 0 -0.73
1438884163.713273224 592.9 44 26.1 0.683 -0.006 0 -0.73
1438884163.740130817 592.8 43.7 26.1 0.683 -0.006 0 -0.73
1438884163.772986959 592.8 43.4 26.1 0.683 -0.006 0 -0.73
1438884163.799885865 592.8 43.1 26.1 0.683 -0.006 0 -0.73
1438884163.830585225 592.8 42.9 26.1 0.683 -0.006 0 -0.73
1438884163.860195407 592.8 42.5 26.1 0.683 -0.006 0 -0.73
1438884163.892978935 592.7 42.2 26.1 0.683 -0.006 0 -0.73
1438884163.920498380 592.7 41.9 26.1 0.683 -0.006 0 -0.73
1438884163.953302912 592.7 41.6 26.1 0.683 -0.006 0 -0.73
1438884163.982981372 592.7 41.3 26.1 0.683 -0.006 0 -0.73
1438884164.013484672 592.7 41 26.1 0.683 -0.006 0 -0.73
1438884164.039959135 592.6 40.7 26.1 0.683 -0.006 0 -0.73
