5
554.2 -58.1174 10.861 0.999946 -0.0103596 -0.000330534 -7.85787e-05
564.061 -70.4318 10.6494 0.988973 -0.00846183 -0.00244051 0.147833
252
1438986164.995816051 -0.207619 0.123086
1438986165.000031185 -0.207625 0.121974
1438986165.010041103 -0.207705 0.123036
1438986165.020244243 -0.207625 0.121974
1438986165.030107866 -0.207619 0.123086
1438986165.040429469 -0.207625 0.121974
1438986165.050329815 -0.207625 0.121974
1438986165.060130626 -0.207625 0.121974
1438986165.070018196 -0.208612 0.122443
1438986165.080578581 -0.205724 0.122029
1438986165.090457085 -0.210423 0.123388
1438986165.100319306 -0.204853 0.120375
1438986165.110684581 -0.20474 0.122511
1438986165.120466877 -0.201035 0.121691
1438986165.130103582 -0.20282 0.12282
1438986165.140421125 -0.203804 0.122338
1438986165.150293640 -0.204705 0.122857
1438986165.160147922 -0.20392 0.121153
1438986165.170052307 -0.202936 0.121636
1438986165.180435340 -0.203822 0.122084
1438986165.190236705 -0.205718 0.123141
1438986165.200275144 -0.207619 0.123086
1438986165.210779971 -0.207625 0.121974
1438986165.220227307 -0.206718 0.122567
1438986165.230206891 -0.208534 0.122562
1438986165.240457755 -0.207719 0.121994
1438986165.250277793 -0.207708 0.120973
1438986165.260134542 -0.207719 0.121994
1438986165.270193879 -0.207635 0.123157
1438986165.280393728 -0.207619 0.123086
1438986165.290197123 -0.207636 0.122995
1438986165.300078026 -0.206735 0.122476
1438986165.310457785 -0.206735 0.122476
1438986165.320457839 -0.20665 0.122526
1438986165.330377972 -0.206724 0.121455
1438986165.340266264 -0.16259 0.11116
1438986165.350588569 0.213859 0.035178
1438986165.360449419 0.800037 -0.08936
1438986165.370322967 1.23121 -0.19727
1438986165.380618199 1.47093 -0.267233
1438986165.390517105 1.68906 -0.317899
1438986165.400248786 1.84177 -0.356648
1438986165.410410923 1.87394 -0.372597
1438986165.420255206 1.95719 -0.392857
1438986165.430070703 2.01196 -0.407633
1438986165.439980653 2.04491 -0.405095
1438986165.450335499 2.04366 -0.38537
1438986165.460480900 2.03544 -0.373493
1438986165.470317021 2.08735 -0.376114
1438986165.480690862 2.13463 -0.379296
1438986165.490464934 2.12164 -0.378338
1438986165.500340382 2.17882 -0.392452
1438986165.510384350 2.17936 -0.408392
1438986165.520202511 2.14365 -0.428801
1438986165.530116863 2.13369 -0.442194
1438986165.540074295 2.14593 -0.451071
1438986165.550287361 2.14268 -0.459184
1438986165.560148347 2.16478 -0.474894
1438986165.570024326 2.12723 -0.488504
1438986165.580332959 2.15452 -0.493175
1438986165.590218455 2.14265 -0.488376
1438986165.600187167 2.14792 -0.483336
1438986165.610627334 2.15748 -0.491766
1438986165.620608506 2.15974 -0.507062
1438986165.630149642 2.14981 -0.520791
1438986165.640188552 2.18073 -0.536498
1438986165.650632177 2.15681 -0.536502
1438986165.660424368 2.14811 -0.533379
1438986165.670342785 2.16091 -0.534165
1438986165.680389912 2.15174 -0.528688
1438986165.690290113 2.15742 -0.52375
1438986165.700109695 2.15049 -0.500067
1438986165.710374103 2.15028 -0.470645
1438986165.720239238 2.17476 -0.448446
1438986165.730344068 2.19452 -0.435877
1438986165.740049112 2.16582 -0.433265
1438986165.750365381 2.16771 -0.436744
1438986165.760157979 2.17834 -0.441051
1438986165.770034562 2.14184 -0.42723
1438986165.780298912 2.14823 -0.41134
1438986165.790294412 2.18325 -0.403545
1438986165.800088629 2.1745 -0.411546
1438986165.810449091 2.15506 -0.422709
1438986165.820218008 2.14123 -0.434995
1438986165.830397953 2.1178 -0.433594
1438986165.840728007 2.10379 -0.425055
1438986165.850557097 2.13077 -0.426815
1438986165.860180876 2.11425 -0.436494
1438986165.870013657 2.10071 -0.449298
1438986165.880295644 2.1264 -0.473616
1438986165.890488660 2.20727 -0.5004
1438986165.900317299 2.17021 -0.515219
1438986165.910589153 2.16291 -0.533172
1438986165.920551317 2.18416 -0.558228
1438986165.930136682 2.16951 -0.576463
1438986165.940309468 2.16005 -0.586994
1438986165.950605598 2.17824 -0.597257
1438986165.960508745 2.12625 -0.584173
1438986165.970288361 2.11045 -0.574829
1438986165.980690565 2.13169 -0.580115
1438986165.990581820 2.11272 -0.581486
1438986166.000357000 2.14504 -0.580381
1438986166.010721363 2.1553 -0.573126
1438986166.020578007 2.13876 -0.571252
1438986166.030486346 2.14145 -0.585754
1438986166.040310364 2.17904 -0.587793
1438986166.050590888 2.16594 -0.58127
1438986166.060154267 2.1295 -0.574466
1438986166.070046422 2.13837 -0.57448
1438986166.080345542 2.14558 -0.580485
1438986166.090469754 2.15012 -0.592796
1438986166.100310166 2.18374 -0.604239
1438986166.110628923 2.17173 -0.618672
1438986166.120606337 2.19462 -0.642797
1438986166.130448948 2.19652 -0.661419
1438986166.140286753 2.16488 -0.665834
1438986166.150564396 2.15427 -0.659371
1438986166.160497702 2.17674 -0.649018
1438986166.171827124 2.12201 -0.636581
1438986166.180628294 2.09375 -0.643068
1438986166.190568697 2.12705 -0.656341
1438986166.200441609 2.14897 -0.668022
1438986166.210605483 2.18405 -0.680429
1438986166.220530344 2.20444 -0.698813
1438986166.230329707 2.20343 -0.722675
1438986166.240026486 2.24254 -0.752682
1438986166.250499279 2.18717 -0.766138
1438986166.260188809 2.16038 -0.76756
1438986166.270061993 2.16237 -0.748444
1438986166.280383682 2.15962 -0.719855
1438986166.290247892 2.13261 -0.683012
1438986166.300150313 2.15786 -0.655975
1438986166.310421530 2.11809 -0.624677
1438986166.320405744 2.09702 -0.602973
1438986166.330243371 2.11113 -0.577725
1438986166.339994769 2.12466 -0.558212
1438986166.350308586 2.14186 -0.537706
1438986166.360151091 2.15175 -0.514409
1438986166.370051107 2.08358 -0.484944
1438986166.380336095 2.11055 -0.46805
1438986166.390218523 2.11166 -0.449014
1438986166.400130727 2.14519 -0.441565
1438986166.410420087 2.12513 -0.433911
1438986166.420339843 2.16605 -0.43915
1438986166.430121856 2.12785 -0.432528
1438986166.439971597 2.10616 -0.434772
1438986166.450263138 2.12674 -0.445151
1438986166.460188043 2.10447 -0.447555
1438986166.470035721 2.07252 -0.44143
1438986166.480393406 2.0852 -0.433482
1438986166.490234506 2.05743 -0.424061
1438986166.500134182 2.08272 -0.430595
1438986166.510427921 2.07872 -0.45078
1438986166.520295387 2.07162 -0.473024
1438986166.530150073 2.1366 -0.48418
1438986166.540047759 2.12793 -0.476198
1438986166.550396843 2.11284 -0.459335
1438986166.560249548 2.11659 -0.460525
1438986166.570046264 2.14526 -0.45757
1438986166.580329713 2.13408 -0.456018
1438986166.590263457 2.1519 -0.46961
1438986166.600109261 2.14112 -0.490675
1438986166.610462526 2.13308 -0.51155
1438986166.620246334 2.16115 -0.536796
1438986166.630357412 2.14439 -0.545646
1438986166.640133352 2.13855 -0.55056
1438986166.650523536 2.14821 -0.553286
1438986166.660288177 2.13448 -0.547395
1438986166.670016402 2.11606 -0.528059
1438986166.680403772 2.08657 -0.501466
1438986166.690269140 2.06204 -0.47723
1438986166.700063321 2.04862 -0.468307
1438986166.710444774 2.08103 -0.463455
1438986166.720281363 2.07939 -0.458555
1438986166.730155806 2.04428 -0.462238
1438986166.740003288 2.04941 -0.485048
1438986166.750330900 2.01625 -0.503901
1438986166.760247785 2.03192 -0.530834
1438986166.770082347 2.07552 -0.546933
1438986166.780452870 2.06196 -0.556037
1438986166.790194597 2.07165 -0.562308
1438986166.800101466 2.14321 -0.572281
1438986166.810443774 2.12398 -0.571385
1438986166.820284422 2.11986 -0.567412
1438986166.830157359 2.11947 -0.56713
1438986166.839984812 2.10219 -0.560975
1438986166.850402841 2.07503 -0.541081
1438986166.860231953 2.07764 -0.518997
1438986166.870102945 2.09956 -0.507149
1438986166.880345495 2.10832 -0.495721
1438986166.890244079 2.14722 -0.489268
1438986166.900083192 2.16421 -0.466623
1438986166.910440545 2.1092 -0.43573
1438986166.920285327 2.10418 -0.42433
1438986166.930203527 2.07392 -0.422806
1438986166.940085764 2.0431 -0.438
1438986166.950292306 2.10966 -0.465356
1438986166.960177278 2.09048 -0.470613
1438986166.970007205 2.07601 -0.476416
1438986166.980413689 2.10309 -0.485393
1438986166.990228889 2.11229 -0.499483
1438986167.000087180 2.0732 -0.516066
1438986167.010436626 2.10072 -0.549054
1438986167.020289629 2.08411 -0.575133
1438986167.030146832 2.03642 -0.594081
1438986167.040454576 2.06777 -0.618359
1438986167.050301759 2.05749 -0.633746
1438986167.060161891 2.05292 -0.647079
1438986167.070078286 2.05062 -0.657881
1438986167.080012412 2.03158 -0.657802
1438986167.090265949 2.04961 -0.652561
1438986167.100085265 2.01714 -0.635115
1438986167.110056961 2.03958 -0.635314
1438986167.120258046 2.04425 -0.64046
1438986167.130249644 2.08092 -0.662628
1438986167.140020029 2.07233 -0.668456
1438986167.150329166 2.01985 -0.663198
1438986167.160186202 2.0344 -0.661762
1438986167.170081712 2.05445 -0.639806
1438986167.180347803 2.03195 -0.603375
1438986167.190263107 2.04774 -0.590434
1438986167.200133823 2.0726 -0.603268
1438986167.210423651 2.06918 -0.614522
1438986167.220242454 2.04826 -0.627396
1438986167.230114485 2.03051 -0.636196
1438986167.240031225 2.01206 -0.643505
1438986167.250403636 1.98949 -0.657665
1438986167.260203500 2.00889 -0.671777
1438986167.270041572 2.01983 -0.677174
1438986167.280414518 1.98865 -0.673044
1438986167.290210821 1.97644 -0.670711
1438986167.300104627 1.98609 -0.653837
1438986167.310491856 1.99995 -0.629717
1438986167.320311867 2.01002 -0.60656
1438986167.330409226 2.01597 -0.593272
1438986167.340092695 2.01613 -0.591773
1438986167.350330700 1.98702 -0.603476
1438986167.360215914 2.00833 -0.624878
1438986167.370044771 2.01289 -0.654564
1438986167.380360705 2.02374 -0.677767
1438986167.390212920 2.00592 -0.691
1438986167.400142990 1.98119 -0.704803
1438986167.410061248 1.97189 -0.719518
1438986167.420264652 2.00691 -0.728474
1438986167.430198668 1.98945 -0.726898
1438986167.440043631 1.99668 -0.727443
1438986167.450374610 1.99812 -0.717803
1438986167.460248578 1.9775 -0.693416
1438986167.470060875 1.91782 -0.668696
1438986167.480374833 1.93146 -0.656444
1438986167.490412099 1.94104 -0.632497
1438986167.500130696 1.95234 -0.59788
85
1438986164.995817005 596.4 53.2 21.1 0.113 -0.001 0 -0.994
1438986164.998697041 596.4 53.2 21.1 0.113 -0.001 0 -0.994
1438986165.028288956 596.4 53.2 21.1 0.113 -0.001 0 -0.994
1438986165.058245644 596.4 53.2 21.1 0.113 -0.001 0 -0.994
1438986165.091745363 596.4 53.2 21.1 0.113 -0.001 0 -0.994
1438986165.118920667 596.3 53.2 21 0.113 -0.001 0 -0.994
1438986165.151494159 596.1 53.1 21 0.113 -0.001 0 -0.994
1438986165.181152620 595.8 53.1 21.1 0.113 -0.001 0 -0.994
1438986165.211304899 595.5 53 21.1 0.113 -0.001 0 -0.994
1438986165.241267261 595.2 52.9 21.1 0.113 -0.001 0 -0.994
1438986165.274603268 595 52.9 21.1 0.113 -0.001 0 -0.994
1438986165.301914450 594.7 52.8 21.1 0.113 -0.001 0 -0.994
1438986165.334654573 594.4 52.7 21.1 0.113 -0.001 0 -0.994
1438986165.361839155 594.1 52.7 21.1 0.113 -0.001 0 -0.994
1438986165.394826869 593.8 52.6 21.1 0.113 -0.001 0 -0.994
1438986165.421650676 593.5 52.5 21.1 0.113 -0.001 0 -0.994
1438986165.454723016 593.2 52.5 21.1 0.113 -0.001 0 -0.994
1438986165.484684213 592.9 52.4 21.1 0.113 -0.001 0 -0.994
1438986165.514805606 592.7 52.3 21.1 0.113 -0.001 0 -0.994
1438986165.544393335 592.3 52.3 21.1 0.113 -0.001 0 -0.994
1438986165.577320059 592 52.2 21.1 0.113 -0.001 0 -0.994
1438986165.603942958 591.7 52.1 21.1 0.113 -0.001 0 -0.994
1438986165.637925097 591.4 52.1 21.1 0.113 -0.001 0 -0.994
1438986165.664336912 591.1 52 21.1 0.113 -0.001 0 -0.994
1438986165.697063055 590.8 51.9 21.1 0.113 -0.001 0 -0.994
1438986165.724965224 590.5 51.9 21.1 0.113 -0.001 0 -0.994
1438986165.757066226 590.3 51.8 21.1 0.113 -0.001 0 -0.994
1438986165.784473489 589.9 51.7 21.1 0.113 -0.001 0 -0.994
1438986165.817602667 589.7 51.7 21.1 0.113 -0.001 0 -0.994
1438986165.847314424 589.3 51.6 21.1 0.113 -0.001 0 -0.994
1438986165.877221577 589.1 51.5 21.1 0.113 -0.001 0 -0.994
1438986165.907624287 588.8 51.5 21.1 0.113 -0.001 0 -0.994
1438986165.937869586 588.5 51.4 21.1 0.113 -0.001 0 -0.994
1438986165.968099753 588.2 51.3 21.1 0.113 -0.001 0 -0.994
1438986165.997567912 587.9 51.3 21.1 0.113 -0.001 0 -0.994
1438986166.027434313 587.6 51.2 21.1 0.113 -0.001 0 -0.994
1438986166.059995786 587.3 51.1 21.1 0.113 -0.001 0 -0.994
1438986166.087225017 587 51.1 21.1 0.113 -0.001 0 -0.994
1438986166.121206819 586.7 51 21.1 0.113 -0.001 0 -0.994
1438986166.147610680 586.4 50.9 21.1 0.113 -0.001 0 -0.994
1438986166.180702676 586.1 50.9 21.1 0.113 -0.001 0 -0.994
1438986166.207339677 585.8 50.8 21.1 0.113 -0.001 0 -0.994
1438986166.240696714 585.5 50.7 21.1 0.113 -0.001 0 -0.994
1438986166.267424750 585.2 50.7 21.1 0.113 -0.001 0 -0.994
1438986166.300339918 584.9 50.6 21.1 0.113 -0.001 0 -0.994
1438986166.330328922 584.6 50.5 21.1 0.113 -0.001 0 -0.994
1438986166.360142793 584.4 50.5 21.2 0.113 -0.001 0 -0.994
1438986166.389884269 584 50.4 21.2 0.113 -0.001 0 -0.994
1438986166.420569273 583.8 50.3 21.1 0.113 -0.001 0 -0.994
1438986166.450196252 583.4 50.3 21.1 0.113 -0.001 0 -0.994
1438986166.480860559 583.2 50.2 21.2 0.113 -0.001 0 -0.994
1438986166.510662965 582.9 50.1 21.2 0.113 -0.001 0 -0.994
1438986166.540824508 582.6 50.1 21.2 0.113 -0.001 0 -0.994
1438986166.570576370 582.3 50 21.1 0.113 -0.001 0 -0.994
1438986166.603523781 582 49.9 21.2 0.113 -0.001 0 -0.994
1438986166.633345807 581.7 49.9 21.2 0.113 -0.001 0 -0.994
1438986166.663577905 581.4 49.8 21.2 0.113 -0.001 0 -0.994
1438986166.696404875 581.1 49.7 21.1 0.113 -0.001 0 -0.994
1438986166.729381325 580.8 49.7 21.2 0.113 -0.001 0 -0.994
1438986166.755933345 580.5 49.6 21.2 0.113 -0.001 0 -0.994
1438986166.789101887 580.2 49.5 21.2 0.113 -0.001 0 -0.994
1438986166.816961657 579.9 49.5 21.2 0.113 -0.001 0 -0.994
1438986166.846775318 579.6 49.4 21.2 0.113 -0.001 0 -0.994
1438986166.873455279 579.3 49.3 21.2 0.113 -0.001 0 -0.994
1438986166.906419049 579 49.3 21.2 0.113 -0.001 0 -0.994
1438986166.936097348 578.7 49.2 21.2 0.113 -0.001 0 -0.994
1438986166.966948055 578.4 49.1 21.2 0.113 -0.001 0 -0.994
1438986166.993651639 578.1 49.1 21.2 0.113 -0.001 0 -0.994
1438986167.026387871 577.9 49 21.2 0.113 -0.001 0 -0.994
1438986167.056135264 577.6 48.9 21.2 0.113 -0.001 0 -0.994
1438986167.086930644 577.3 48.9 21.2 0.113 -0.001 0 -0.994
1438986167.116827064 577 48.8 21.2 0.113 -0.001 0 -0.994
1438986167.149693837 576.7 48.7 21.2 0.113 -0.001 0 -0.994
1438986167.176200042 576.4 48.6 21.2 0.113 -0.001 0 -0.994
1438986167.206839020 576.1 48.6 21.2 0.113 -0.001 0 -0.994
1438986167.236591660 575.8 48.5 21.2 0.113 -0.001 0 -0.994
1438986167.269549493 575.5 48.5 21.2 0.113 -0.001 0 -0.994
1438986167.296118964 575.2 48.4 21.2 0.113 -0.001 0 -0.994
1438986167.326899337 575 48.3 21.2 0.113 -0.001 0 -0.994
1438986167.356712769 574.6 48.3 21.2 0.113 -0.001 0 -0.994
1438986167.386588013 574.4 48.2 21.2 0.113 -0.001 0 -0.994
1438986167.416365273 574 48.1 21.2 0.113 -0.001 0 -0.994
1438986167.446039763 573.8 48.1 21.2 0.113 -0.001 0 -0.994
1438986167.475975485 573.5 48 21.2 0.113 -0.001 0 -0.994
1438986167.506685349 573.2 47.9 21.2 0.113 -0.001 0 -0.994
564.08 -70.5229 10.7145 0.988949 -0.00938714 -0.00234534 0.14794
575.278 -71.5237 10.734 0.969947 -0.0100278 -0.00251793 0.243097
254
1438986209.079496928 -0.21066 0.113699
1438986209.079992296 -0.209759 0.11318
1438986209.090534707 -0.210645 0.113628
1438986209.100412766 -0.20966 0.114273
1438986209.110317962 -0.209645 0.114202
1438986209.120366071 -0.209691 0.113138
1438986209.130246471 -0.20966 0.114273
1438986209.140091565 -0.20966 0.114273
1438986209.150006146 -0.209759 0.11318
1438986209.160296566 -0.208759 0.113754
1438986209.170244525 -0.208881 0.111457
1438986209.180031935 -0.209761 0.113017
1438986209.190635980 -0.20966 0.114273
1438986209.200533324 -0.209759 0.11318
1438986209.210316252 -0.207764 0.113215
1438986209.220439944 -0.206894 0.111562
1438986209.230317048 -0.201267 0.112952
1438986209.240177893 -0.19925 0.114191
1438986209.250016202 -0.19835 0.114786
1438986209.260307622 -0.200236 0.11466
1438986209.270178456 -0.20307 0.11399
1438986209.280235965 -0.206888 0.112674
1438986209.290634807 -0.20965 0.113089
1438986209.300502717 -0.212563 0.113481
1438986209.310441491 -0.211552 0.113034
1438986209.320401230 -0.209759 0.11318
1438986209.330383634 -0.207758 0.114328
1438986209.340096140 -0.207789 0.113193
1438986209.349985935 -0.207758 0.114328
1438986209.360340822 -0.208759 0.113754
1438986209.370376904 -0.20966 0.114273
1438986209.380409389 -0.21066 0.113699
1438986209.390654226 -0.209666 0.11316
1438986209.400626512 -0.21066 0.113699
1438986209.410384177 -0.208744 0.113683
1438986209.420514556 -0.208774 0.112548
1438986209.430268548 -0.208759 0.113754
1438986209.440214018 -0.207758 0.114328
1438986209.450048368 -0.20879 0.112619
1438986209.460335494 -0.208843 0.11259
1438986209.470226520 -0.208681 0.112529
1438986209.480140458 -0.208759 0.113754
1438986209.490491768 -0.209574 0.114323
1438986209.500363252 -0.210645 0.113628
1438986209.510109736 -0.209645 0.114202
1438986209.520022770 -0.209675 0.113067
1438986209.530299067 -0.209645 0.114202
1438986209.540178179 -0.208759 0.113754
1438986209.550071052 -0.209691 0.113138
1438986209.560287172 -0.208679 0.112691
1438986209.570208718 -0.208673 0.113804
1438986209.580248268 -0.209551 0.114182
1438986209.590394447 -0.209675 0.113067
1438986209.600244962 -0.20966 0.114273
1438986209.610215700 -0.208644 0.114776
1438986209.620091684 -0.209582 0.113048
1438986209.630317030 -0.208759 0.113754
1438986209.640279009 -0.209744 0.113109
1438986209.650238751 -0.207772 0.113285
1438986209.660595876 -0.210575 0.113749
1438986209.670562390 -0.205079 0.112912
1438986209.680090689 0.061132 0.088465
1438986209.690418769 0.464861 0.034393
1438986209.700259479 0.699348 -0.059367
1438986209.710091026 0.929355 -0.180997
1438986209.720030223 1.10803 -0.296755
1438986209.730357054 1.24027 -0.425116
1438986209.740145013 1.31711 -0.546166
1438986209.750066315 1.38757 -0.676159
1438986209.760443221 1.4535 -0.793157
1438986209.770213306 1.51942 -0.904229
1438986209.780346880 1.54207 -0.997892
1438986209.790600244 1.5978 -1.07972
1438986209.800238144 1.6065 -1.15433
1438986209.810161038 1.62856 -1.22025
1438986209.820073072 1.62749 -1.27591
1438986209.830531647 1.63923 -1.32934
1438986209.840526774 1.65545 -1.36808
1438986209.850258073 1.67361 -1.40488
1438986209.860350212 1.68642 -1.44019
1438986209.870360619 1.7026 -1.46782
1438986209.880252284 1.70548 -1.48958
1438986209.890687703 1.72216 -1.51212
1438986209.900491684 1.71816 -1.52708
1438986209.910418241 1.70531 -1.5452
1438986209.920284662 1.6821 -1.55239
1438986209.930609669 1.67427 -1.54855
1438986209.940646519 1.6442 -1.53859
1438986209.950316673 1.61158 -1.51531
1438986209.960610648 1.59421 -1.49253
1438986209.970238268 1.58377 -1.46238
1438986209.980335927 1.62095 -1.44098
1438986209.990373661 1.60128 -1.43708
1438986210.000624587 1.6 -1.42889
1438986210.010400318 1.58642 -1.42216
1438986210.020141926 1.59086 -1.4193
1438986210.030355798 1.60386 -1.40812
1438986210.040207320 1.61414 -1.40982
1438986210.050224714 1.60857 -1.41331
1438986210.060504878 1.64325 -1.41419
1438986210.070255402 1.63743 -1.42139
1438986210.080122833 1.64154 -1.43034
1438986210.090058294 1.64471 -1.44518
1438986210.100319171 1.63344 -1.45807
1438986210.110156216 1.64272 -1.4746
1438986210.120438978 1.63945 -1.4852
1438986210.130609642 1.65769 -1.48599
1438986210.140391382 1.6559 -1.49136
1438986210.150167014 1.64025 -1.48788
1438986210.160412159 1.62555 -1.47503
1438986210.170636215 1.6049 -1.45557
1438986210.180116295 1.61679 -1.43866
1438986210.190077520 1.63436 -1.42867
1438986210.200442234 1.63611 -1.43232
1438986210.210246662 1.62769 -1.43626
1438986210.220092222 1.62138 -1.42668
1438986210.230345858 1.60127 -1.41346
1438986210.240546135 1.60431 -1.39699
1438986210.250415433 1.60129 -1.38022
1438986210.260622566 1.601 -1.36643
1438986210.270275557 1.61996 -1.35474
1438986210.280462719 1.63606 -1.34814
1438986210.290246735 1.63462 -1.33481
1438986210.300632410 1.64437 -1.32177
1438986210.310477043 1.62192 -1.30583
1438986210.320335897 1.60321 -1.28544
1438986210.330430872 1.59924 -1.25502
1438986210.340261298 1.60756 -1.22551
1438986210.350101562 1.6117 -1.20669
1438986210.360468870 1.61962 -1.18698
1438986210.370299325 1.62709 -1.16991
1438986210.380162109 1.63616 -1.15819
1438986210.390147408 1.65082 -1.14828
1438986210.400391220 1.65833 -1.14166
1438986210.410206725 1.64018 -1.13706
1438986210.420181482 1.63155 -1.13459
1438986210.430401307 1.62294 -1.12926
1438986210.440227474 1.621 -1.13026
1438986210.450132185 1.62397 -1.14044
1438986210.460064575 1.61385 -1.15084
1438986210.470274234 1.61393 -1.15389
1438986210.480290973 1.62324 -1.14857
1438986210.490063584 1.62517 -1.13387
1438986210.500361685 1.61449 -1.12162
1438986210.510182061 1.61368 -1.10762
1438986210.520117909 1.63594 -1.10085
1438986210.530491444 1.62782 -1.10238
1438986210.540250819 1.6456 -1.11046
1438986210.550157095 1.64144 -1.12172
1438986210.560461110 1.62634 -1.12457
1438986210.570287837 1.63116 -1.13198
1438986210.580297638 1.64048 -1.14154
1438986210.590226666 1.63876 -1.14468
1438986210.600498414 1.64248 -1.15054
1438986210.610244878 1.62628 -1.14881
1438986210.620062989 1.61197 -1.13584
1438986210.630412533 1.6168 -1.11389
1438986210.640278450 1.61902 -1.09192
1438986210.650142088 1.60705 -1.07254
1438986210.660038353 1.61494 -1.04778
1438986210.670612781 1.6206 -1.02748
1438986210.680172307 1.61437 -1.00404
1438986210.690125436 1.60998 -0.988558
1438986210.700705503 1.59162 -0.982014
1438986210.710393668 1.58384 -0.978836
1438986210.720246299 1.58878 -0.977596
1438986210.730287451 1.60147 -0.978353
1438986210.740503125 1.62192 -0.981278
1438986210.750299185 1.63332 -0.978919
1438986210.760019378 1.63891 -0.969729
1438986210.770335225 1.63637 -0.958169
1438986210.780228031 1.63204 -0.953066
1438986210.790140675 1.60806 -0.939772
1438986210.800377046 1.61075 -0.921399
1438986210.810303010 1.58708 -0.903074
1438986210.820161206 1.60657 -0.886068
1438986210.829959110 1.60929 -0.877516
1438986210.840377571 1.61737 -0.86493
1438986210.850129309 1.61601 -0.853031
1438986210.860015558 1.62749 -0.836649
1438986210.870370549 1.62245 -0.818797
1438986210.880228938 1.62088 -0.804922
1438986210.890176584 1.62271 -0.796735
1438986210.900470118 1.61909 -0.790275
1438986210.910551318 1.63038 -0.781218
1438986210.920332062 1.6368 -0.776757
1438986210.930287805 1.64473 -0.776347
1438986210.940356528 1.64589 -0.778918
1438986210.950173461 1.63801 -0.776821
1438986210.960162583 1.62407 -0.781757
1438986210.970450295 1.60979 -0.788484
1438986210.980347277 1.60951 -0.799255
1438986210.990271881 1.611 -0.806437
1438986211.000698031 1.61292 -0.804982
1438986211.010530118 1.59759 -0.799744
1438986211.020332943 1.60697 -0.786253
1438986211.030486556 1.61398 -0.77223
1438986211.040299343 1.63291 -0.757758
1438986211.050128131 1.6395 -0.747698
1438986211.060053357 1.62689 -0.733185
1438986211.070367073 1.61817 -0.718283
1438986211.080178781 1.61207 -0.703247
1438986211.090320607 1.63476 -0.695654
1438986211.100507716 1.62833 -0.69164
1438986211.110332610 1.6506 -0.685564
1438986211.120493333 1.64901 -0.683004
1438986211.130286730 1.6507 -0.688857
1438986211.140664720 1.64478 -0.697688
1438986211.150364155 1.64208 -0.715172
1438986211.160321141 1.62687 -0.731392
1438986211.170321773 1.62991 -0.744238
1438986211.180175958 1.60166 -0.741922
1438986211.190159605 1.61975 -0.734988
1438986211.200392598 1.59622 -0.730925
1438986211.210280195 1.58422 -0.721746
1438986211.220211011 1.59254 -0.715722
1438986211.229993404 1.60204 -0.721698
1438986211.240353833 1.59265 -0.719318
1438986211.250141995 1.58338 -0.715291
1438986211.260063555 1.5928 -0.713038
1438986211.270398946 1.60231 -0.705856
1438986211.280293268 1.59924 -0.704095
1438986211.290137861 1.584 -0.710262
1438986211.300460678 1.56981 -0.708267
1438986211.310280838 1.57639 -0.705513
1438986211.320119318 1.58461 -0.712097
1438986211.330020565 1.59167 -0.718894
1438986211.340301307 1.59299 -0.727126
1438986211.350185938 1.61553 -0.72824
1438986211.360117282 1.64857 -0.737433
1438986211.370376461 1.6319 -0.746271
1438986211.380230735 1.62543 -0.746013
1438986211.390074340 1.61288 -0.740181
1438986211.399993279 1.6145 -0.726295
1438986211.410284368 1.60308 -0.707645
1438986211.420157353 1.58767 -0.687106
1438986211.430022963 1.5704 -0.659959
1438986211.440321034 1.56487 -0.626039
1438986211.450165382 1.56512 -0.605609
1438986211.460064489 1.58057 -0.586244
1438986211.470369438 1.58231 -0.568551
1438986211.480259672 1.56661 -0.550699
1438986211.490365321 1.55749 -0.53401
1438986211.500715622 1.55552 -0.509746
1438986211.510525878 1.56089 -0.488996
1438986211.520365458 1.56233 -0.479651
1438986211.530441782 1.56407 -0.482143
1438986211.540352694 1.58475 -0.492418
1438986211.550176229 1.60176 -0.495299
1438986211.560053425 1.6217 -0.497693
1438986211.570403204 1.64067 -0.496411
1438986211.580338445 1.63865 -0.496806
1438986211.590077568 1.62955 -0.508133
1438986211.600387338 1.61906 -0.521055
84
1438986209.079501061 691.7 -34.4 23.5 0.722 0 0.006 0.692
1438986209.101210985 691.7 -34.4 23.5 0.722 0 0.006 0.692
1438986209.137516332 691.7 -34.4 23.5 0.722 0 0.006 0.692
1438986209.163899671 691.7 -34.4 23.5 0.722 0 0.006 0.692
1438986209.195005261 691.7 -34.4 23.5 0.722 0 0.006 0.692
1438986209.223959067 691.7 -34.3 23.5 0.722 0 0.006 0.692
1438986209.257794800 691.7 -34.1 23.5 0.722 0 0.006 0.692
1438986209.284891562 691.7 -33.7 23.5 0.722 0 0.006 0.692
1438986209.316872051 691.8 -33.4 23.5 0.722 0 0.006 0.692
1438986209.344687184 691.8 -33.1 23.5 0.722 0 0.006 0.692
1438986209.377866333 691.8 -32.8 23.5 0.722 0 0.006 0.692
1438986209.408155733 691.8 -32.4 23.5 0.722 0 0.006 0.692
1438986209.437877027 691.8 -32.2 23.5 0.722 0 0.006 0.692
1438986209.467649209 691.8 -31.8 23.5 0.722 0 0.006 0.692
1438986209.497465790 691.8 -31.6 23.5 0.722 0 0.006 0.692
1438986209.527297732 691.8 -31.2 23.4 0.722 0 0.006 0.692
1438986209.560281866 691.9 -31 23.4 0.722 0 0.006 0.692
1438986209.586994807 691.9 -30.6 23.4 0.722 0 0.006 0.692
1438986209.617705533 691.9 -30.3 23.4 0.722 0 0.006 0.692
1438986209.647685010 691.9 -30 23.4 0.722 0 0.006 0.692
1438986209.680354369 691.9 -29.7 23.4 0.722 0 0.006 0.692
1438986209.710031988 691.9 -29.4 23.4 0.722 0 0.006 0.692
1438986209.739863656 691.9 -29.1 23.4 0.722 0 0.006 0.692
1438986209.767586500 692 -28.8 23.4 0.722 0 0.006 0.692
1438986209.800000891 692 -28.5 23.4 0.722 0 0.006 0.692
1438986209.827796779 692 -28.2 23.4 0.722 0 0.006 0.692
1438986209.860253635 692 -27.9 23.4 0.722 0 0.006 0.692
1438986209.890329284 692 -27.6 23.4 0.722 0 0.006 0.692
1438986209.924122680 692 -27.3 23.4 0.722 0 0.006 0.692
1438986209.953860556 692 -26.9 23.4 0.722 0 0.006 0.692
1438986209.986312327 692 -26.6 23.4 0.722 0 0.006 0.692
1438986210.013558111 692 -26.3 23.4 0.722 0 0.006 0.692
1438986210.046622641 692.1 -26.1 23.3 0.722 0 0.006 0.692
1438986210.073508066 692.1 -25.7 23.3 0.722 0 0.006 0.692
1438986210.106648112 692.1 -25.5 23.3 0.722 0 0.006 0.692
1438986210.136452512 692.1 -25.1 23.3 0.722 0 0.006 0.692
1438986210.166224987 692.1 -24.9 23.3 0.722 0 0.006 0.692
1438986210.196383318 692.1 -24.5 23.3 0.722 0 0.006 0.692
1438986210.229468044 692.1 -24.2 23.3 0.722 0 0.006 0.692
1438986210.256992745 692.1 -23.9 23.3 0.722 0 0.006 0.692
1438986210.289350283 692.2 -23.6 23.3 0.722 0 0.006 0.692
1438986210.319154307 692.2 -23.3 23.3 0.722 0 0.006 0.692
1438986210.352076780 692.2 -23 23.3 0.722 0 0.006 0.692
1438986210.379822449 692.2 -22.7 23.3 0.722 0 0.006 0.692
1438986210.409487388 692.2 -22.4 23.3 0.722 0 0.006 0.692
1438986210.439034259 692.2 -22.1 23.3 0.722 0 0.006 0.692
1438986210.469719174 692.2 -21.8 23.3 0.722 0 0.006 0.692
1438986210.499527514 692.3 -21.5 23.3 0.722 0 0.006 0.692
1438986210.532424542 692.3 -21.2 23.3 0.722 0 0.006 0.692
1438986210.559203197 692.3 -20.9 23.3 0.722 0 0.006 0.692
1438986210.590204474 692.3 -20.6 23.2 0.722 0 0.006 0.692
1438986210.619013247 692.3 -20.3 23.2 0.722 0 0.006 0.692
1438986210.649747150 692.3 -20 23.2 0.722 0 0.006 0.692
1438986210.679499446 692.3 -19.7 23.2 0.722 0 0.006 0.692
1438986210.712617914 692.3 -19.4 23.2 0.722 0 0.006 0.692
1438986210.739864008 692.4 -19.1 23.2 0.722 0 0.006 0.692
1438986210.772097095 692.4 -18.8 23.2 0.722 0 0.006 0.692
1438986210.802833986 692.4 -18.5 23.2 0.722 0 0.006 0.692
1438986210.832709150 692.4 -18.2 23.2 0.722 0 0.006 0.692
1438986210.862097975 692.4 -17.9 23.2 0.722 0 0.006 0.692
1438986210.892958556 692.4 -17.6 23.2 0.722 0 0.006 0.692
1438986210.922384629 692.4 -17.3 23.2 0.722 0 0.006 0.692
1438986210.952257204 692.4 -17 23.2 0.722 0 0.006 0.692
1438986210.982323651 692.5 -16.7 23.2 0.722 0 0.006 0.692
1438986211.012249345 692.5 -16.4 23.2 0.722 0 0.006 0.692
1438986211.042128904 692.5 -16.1 23.2 0.722 0 0.006 0.692
1438986211.072874482 692.5 -15.8 23.2 0.722 0 0.006 0.692
1438986211.100103725 692.5 -15.5 23.2 0.722 0 0.006 0.692
1438986211.132075037 692.5 -15.2 23.2 0.722 0 0.006 0.692
1438986211.163040514 692.6 -14.9 23.2 0.722 0 0.006 0.692
1438986211.192652237 692.6 -14.6 23.2 0.722 0 0.006 0.692
1438986211.222476616 692.6 -14.3 23.2 0.722 0 0.006 0.692
1438986211.252114871 692.6 -14 23.1 0.722 0 0.006 0.692
1438986211.282901314 692.6 -13.7 23.1 0.722 0 0.006 0.692
1438986211.312647213 692.6 -13.4 23.1 0.722 0 0.006 0.692
1438986211.339256772 692.6 -13.1 23.1 0.722 0 0.006 0.692
1438986211.372091565 692.6 -12.8 23.1 0.722 0 0.006 0.692
1438986211.399827039 692.6 -12.5 23.1 0.722 0 0.006 0.692
1438986211.432748424 692.7 -12.2 23.1 0.722 0 0.006 0.692
1438986211.462319856 692.7 -11.9 23.1 0.722 0 0.006 0.692
1438986211.492554595 692.7 -11.6 23.1 0.722 0 0.006 0.692
1438986211.523064900 692.7 -11.3 23.1 0.722 0 0.006 0.692
1438986211.552736382 692.7 -11 23.1 0.722 0 0.006 0.692
1438986211.582374800 692.7 -10.7 23.1 0.722 0 0.006 0.692
575.277 -71.5237 10.7311 0.969945 -0.0100536 -0.00254452 0.243102
573.586 -91.406 10.472 0.980679 -0.00767488 -0.00351157 0.19544
249
1438986246.482668005 -0.200327 0.110143
1438986246.490218492 -0.200344 0.110051
1438986246.500339708 -0.201259 0.109527
1438986246.510232102 -0.201314 0.110612
1438986246.520082143 -0.200313 0.111186
1438986246.530111006 -0.199412 0.110667
1438986246.540395524 -0.200338 0.111164
1438986246.550389569 -0.200442 0.109121
1438986246.560333921 -0.199442 0.109695
1438986246.570350856 -0.200542 0.108028
1438986246.580186421 -0.199407 0.11178
1438986246.590063866 -0.201245 0.11057
1438986246.600444457 -0.198541 0.109176
1438986246.610558378 -0.196639 0.109231
1438986246.620405644 -0.191805 0.111049
1438986246.630461275 -0.18985 0.111133
1438986246.640506707 -0.191636 0.1121
1438986246.650190698 -0.192637 0.111526
1438986246.660187881 -0.198336 0.112474
1438986246.670328091 -0.200442 0.109121
1438986246.680488519 -0.202314 0.110038
1438986246.690238791 -0.202229 0.110088
1438986246.700268765 -0.198426 0.110198
1438986246.710224792 -0.199344 0.110625
1438986246.720077867 -0.198326 0.111291
1438986246.730437482 -0.199338 0.111738
1438986246.740292745 -0.200428 0.110164
1438986246.750148050 -0.200358 0.109008
1438986246.760062719 -0.20216 0.110046
1438986246.770336260 -0.200442 0.109121
1438986246.780193086 -0.201314 0.110612
1438986246.790074985 -0.200313 0.111186
1438986246.800346293 -0.171514 0.117714
1438986246.810381698 0.055183 0.176332
1438986246.820198185 0.470761 0.282932
1438986246.830396208 1.05027 0.436964
1438986246.840322859 1.70252 0.618836
1438986246.850220433 2.37371 0.851562
1438986246.860113761 2.96841 1.0526
1438986246.870339615 3.40103 1.16788
1438986246.880206429 3.6118 1.18394
1438986246.890131949 3.73582 1.18004
1438986246.900314247 3.87782 1.1858
1438986246.910199842 3.97306 1.15342
1438986246.920098497 4.00674 1.1208
1438986246.930028935 4.05152 1.14171
1438986246.940322293 4.22275 1.23008
1438986246.950187856 4.32148 1.26717
1438986246.960018930 4.26622 1.25779
1438986246.970378114 4.12091 1.23653
1438986246.980167324 4.11472 1.25081
1438986246.990111972 4.07618 1.23821
1438986247.000082292 4.05017 1.23027
1438986247.010249488 4.06409 1.21872
1438986247.020186098 4.11818 1.22977
1438986247.030420104 4.18942 1.25004
1438986247.040245015 4.20427 1.25062
1438986247.050217141 4.17872 1.23822
1438986247.060049451 4.22815 1.27381
1438986247.070430959 4.24689 1.29849
1438986247.080208993 4.20693 1.31317
1438986247.090040595 4.15882 1.32801
1438986247.100387295 4.27298 1.35191
1438986247.110242241 4.30592 1.31337
1438986247.120113396 4.22785 1.28643
1438986247.130419949 4.21612 1.2867
1438986247.140330347 4.29068 1.30107
1438986247.150189751 4.21251 1.25832
1438986247.160275670 4.09451 1.22451
1438986247.170520181 4.14091 1.23519
1438986247.180416998 4.22353 1.24199
1438986247.190379315 4.20916 1.20346
1438986247.200818804 4.18338 1.13996
1438986247.210287207 4.14689 1.09196
1438986247.220145235 4.16212 1.06436
1438986247.229992026 4.14324 1.04939
1438986247.240341175 4.14398 1.08427
1438986247.250107272 4.23604 1.14446
1438986247.260327283 4.28391 1.16101
1438986247.270316997 4.2157 1.13934
1438986247.280212820 4.08578 1.12172
1438986247.290108844 4.07935 1.16725
1438986247.300516408 4.08497 1.21843
1438986247.310370635 4.04097 1.26723
1438986247.320154755 3.94716 1.31252
1438986247.330097997 3.98546 1.38566
1438986247.340329398 4.11149 1.44251
1438986247.350229153 4.14773 1.44147
1438986247.360059860 4.0263 1.397
1438986247.419866918 3.99362 1.39407
1438986247.419894095 4.02243 1.42716
1438986247.430030087 4.08427 1.51641
1438986247.440110686 4.09001 1.51312
1438986247.450144583 4.09166 1.47712
1438986247.460064512 4.14658 1.44497
1438986247.469956244 4.17798 1.42729
1438986247.480249450 4.17022 1.37029
1438986247.490115036 4.21172 1.32473
1438986247.499997410 4.18773 1.27089
1438986247.510342016 4.13397 1.21637
1438986247.520145355 4.13747 1.17837
1438986247.530220109 4.1268 1.14687
1438986247.540424870 4.11868 1.13054
1438986247.550256041 4.13486 1.12188
1438986247.560113902 4.09888 1.11193
1438986247.570036150 4.09672 1.10127
1438986247.580578151 4.14276 1.09082
1438986247.590361952 4.13758 1.08444
1438986247.600279612 4.11919 1.07109
1438986247.610651852 4.14153 1.06731
1438986247.620467366 4.15866 1.06535
1438986247.630106169 4.1774 1.06806
1438986247.640378202 4.19857 1.08542
1438986247.650240158 4.24308 1.10773
1438986247.660110477 4.20552 1.12538
1438986247.670022949 4.16585 1.12704
1438986247.680272740 4.19905 1.11376
1438986247.690494973 4.26607 1.12733
1438986247.700034417 4.27372 1.16242
1438986247.710377764 4.30811 1.1994
1438986247.720325960 4.3415 1.22785
1438986247.730180269 4.31808 1.25722
1438986247.740697418 4.29319 1.27679
1438986247.750411783 4.25913 1.28656
1438986247.760357613 4.23061 1.2701
1438986247.770211902 4.248 1.25346
1438986247.780569363 4.25749 1.24131
1438986247.790093268 4.28862 1.22844
1438986247.799982533 4.31292 1.21286
1438986247.809996242 4.3167 1.19155
1438986247.820473413 4.24026 1.1765
1438986247.830335074 4.20252 1.16281
1438986247.839920190 4.1594 1.15487
1438986247.850258019 4.12915 1.14084
1438986247.860077378 4.14105 1.12514
1438986247.869959236 4.16327 1.10973
1438986247.880348332 4.17607 1.09417
1438986247.890177617 4.14378 1.08623
1438986247.900042229 4.17633 1.08663
1438986247.910311371 4.16528 1.08475
1438986247.920222221 4.12219 1.08767
1438986247.930059379 4.14208 1.097
1438986247.939912464 4.159 1.09937
1438986247.950231704 4.14416 1.08374
1438986247.960127013 4.15471 1.07954
1438986247.970028032 4.22531 1.08084
1438986247.980420271 4.25296 1.07905
1438986247.990195460 4.2586 1.09509
1438986248.000062451 4.27388 1.11914
1438986248.010013365 4.23402 1.13937
1438986248.020494600 4.1454 1.15399
1438986248.030042290 4.16203 1.16055
1438986248.039942450 4.17233 1.16694
1438986248.050373482 4.20283 1.16948
1438986248.060119887 4.27865 1.18201
1438986248.070254864 4.38523 1.15772
1438986248.080599500 4.43875 1.1001
1438986248.090184642 4.40871 1.05736
1438986248.100046414 4.45645 1.05264
1438986248.110361764 4.42859 1.03918
1438986248.120395588 4.29854 1.02133
1438986248.130241455 4.23493 1.01459
1438986248.140185635 4.22247 1.0013
1438986248.150209777 4.24581 0.977078
1438986248.160087220 4.24392 0.940347
1438986248.170121785 4.20232 0.912103
1438986248.180544792 4.23572 0.907543
1438986248.190188369 4.20735 0.906032
1438986248.200032614 4.21103 0.904891
1438986248.210380243 4.29995 0.908071
1438986248.220315544 4.36372 0.923804
1438986248.230091422 4.37561 0.923444
1438986248.240030149 4.34525 0.91434
1438986248.250239020 4.34141 0.92984
1438986248.260144978 4.32038 0.932669
1438986248.270303484 4.25927 0.941198
1438986248.280258064 4.20719 0.948174
1438986248.290114958 4.16747 0.956037
1438986248.300327510 4.12902 0.957214
1438986248.310235113 4.11852 0.938312
1438986248.320489346 4.1028 0.917954
1438986248.330344721 4.08792 0.909463
1438986248.340122122 4.11684 0.906906
1438986248.350473941 4.10251 0.909617
1438986248.360322872 4.09562 0.916119
1438986248.370419340 4.07539 0.921384
1438986248.380567918 4.08281 0.929171
1438986248.390422885 4.03844 0.931278
1438986248.400291341 4.06748 0.91875
1438986248.410213832 4.06271 0.902711
1438986248.420553527 4.09191 0.891261
1438986248.430125665 4.09248 0.879596
1438986248.440174291 4.07987 0.870886
1438986248.450386775 4.02927 0.859889
1438986248.460326133 4.03276 0.861929
1438986248.470008804 3.98141 0.862442
1438986248.480427521 3.95438 0.857175
1438986248.490215753 3.98309 0.827374
1438986248.500064942 4.01216 0.80777
1438986248.509922863 4.002 0.799425
1438986248.520539219 4.03642 0.803916
1438986248.530391552 4.02166 0.799355
1438986248.540199383 4.01581 0.790126
1438986248.550269328 4.04018 0.788169
1438986248.560194704 4.04592 0.786464
1438986248.570017393 4.02119 0.785357
1438986248.580303560 4.03549 0.785041
1438986248.590276619 4.03801 0.790562
1438986248.600069052 4.03618 0.80763
1438986248.610159790 4.0765 0.845089
1438986248.620573427 4.08773 0.872314
1438986248.630338399 4.07473 0.896462
1438986248.640195965 4.05345 0.906268
1438986248.650536402 4.05987 0.913644
1438986248.660201399 4.05067 0.914119
1438986248.670055437 4.02305 0.904401
1438986248.680367388 3.99002 0.892063
1438986248.690252026 4.0286 0.897857
1438986248.700094096 4.07952 0.916053
1438986248.710204087 4.09525 0.933494
1438986248.720599726 4.0704 0.945663
1438986248.730322852 4.06969 0.953832
1438986248.740240130 4.09341 0.969711
1438986248.750565699 4.04045 0.970852
1438986248.760520306 3.9845 0.961084
1438986248.770031662 3.95786 0.945787
1438986248.779953651 3.92688 0.940089
1438986248.790229443 3.93213 0.9345
1438986248.800058399 3.91943 0.942425
1438986248.809944310 3.93463 0.961744
1438986248.820245026 3.95274 0.993369
1438986248.830147952 3.95805 1.0195
1438986248.840143496 3.88909 1.01997
1438986248.850563467 3.84216 1.0064
1438986248.860490174 3.78626 0.991548
1438986248.870295865 3.73656 0.973713
1438986248.880213635 3.75742 0.955066
1438986248.890235607 3.78771 0.946915
1438986248.900122289 3.81938 0.94799
1438986248.910014718 3.86528 0.947005
1438986248.920360769 3.80827 0.949762
1438986248.930126088 3.8101 0.946788
1438986248.940091928 3.81738 0.945309
1438986248.950556881 3.78104 0.944901
1438986248.960192925 3.79978 0.948621
1438986248.970057739 3.80528 0.957269
1438986248.979941809 3.76426 0.957292
1438986248.990264839 3.79507 0.959962
1438986249.000159803 3.78151 0.968655
83
1438986246.482671738 582.3 39.4 21.3 0.852 0 -0.006 -0.523
1438986246.519888205 582.3 39.4 21.3 0.852 0 -0.006 -0.523
1438986246.551114218 582.3 39.4 21.3 0.852 0 -0.006 -0.523
1438986246.583023100 582.3 39.4 21.3 0.852 0 -0.006 -0.523
1438986246.610128531 582.4 39.4 21.3 0.852 0 -0.006 -0.523
1438986246.643202936 582.5 39.2 21.3 0.852 0 -0.006 -0.523
1438986246.673494808 582.6 38.8 21.3 0.852 0 -0.006 -0.523
1438986246.706619599 582.8 38.6 21.3 0.852 0 -0.006 -0.523
1438986246.733261719 582.9 38.3 21.3 0.852 0 -0.006 -0.523
1438986246.766561152 583 38 21.3 0.852 0 -0.006 -0.523
1438986246.796360446 583.2 37.7 21.3 0.852 0 -0.006 -0.523
1438986246.829365618 583.3 37.4 21.3 0.852 0 -0.006 -0.523
1438986246.855882137 583.5 37.1 21.4 0.852 0 -0.006 -0.523
1438986246.889845476 583.6 36.9 21.4 0.852 0 -0.006 -0.523
1438986246.919329068 583.7 36.6 21.4 0.852 0 -0.006 -0.523
1438986246.952169461 583.9 36.3 21.4 0.852 0 -0.006 -0.523
1438986246.979885916 584 36 21.4 0.852 0 -0.006 -0.523
1438986247.012891518 584.1 35.8 21.4 0.852 0 -0.006 -0.523
1438986247.039428053 584.3 35.5 21.4 0.852 0 -0.006 -0.523
1438986247.072646798 584.4 35.2 21.4 0.852 0 -0.006 -0.523
1438986247.099300768 584.6 35 21.4 0.852 0 -0.006 -0.523
1438986247.131982885 584.7 34.7 21.4 0.852 0 -0.006 -0.523
1438986247.159876874 584.8 34.4 21.4 0.852 0 -0.006 -0.523
1438986247.192734032 585 34.2 21.4 0.852 0 -0.006 -0.523
1438986247.219296405 585.1 33.9 21.4 0.852 0 -0.006 -0.523
1438986247.251932657 585.2 33.6 21.4 0.852 0 -0.006 -0.523
1438986247.279683716 585.4 33.4 21.4 0.852 0 -0.006 -0.523
1438986247.312453350 585.5 33.1 21.5 0.852 0 -0.006 -0.523
1438986247.342055079 585.7 32.8 21.5 0.852 0 -0.006 -0.523
1438986247.420215860 585.9 32.3 21.5 0.852 0 -0.006 -0.523
1438986247.432869819 586.1 32 21.5 0.852 0 -0.006 -0.523
1438986247.459444503 586.2 31.7 21.5 0.852 0 -0.006 -0.523
1438986247.492217229 586.3 31.5 21.5 0.852 0 -0.006 -0.523
1438986247.519765651 586.5 31.2 21.5 0.852 0 -0.006 -0.523
1438986247.552126527 586.6 30.9 21.5 0.852 0 -0.006 -0.523
1438986247.579641977 586.8 30.7 21.5 0.852 0 -0.006 -0.523
1438986247.612609295 586.9 30.4 21.5 0.852 0 -0.006 -0.523
1438986247.639363234 587 30.1 21.5 0.852 0 -0.006 -0.523
1438986247.672358634 587.2 29.9 21.5 0.852 0 -0.006 -0.523
1438986247.702574586 587.3 29.6 21.5 0.852 0 -0.006 -0.523
1438986247.735879948 587.4 29.3 21.5 0.852 0 -0.006 -0.523
1438986247.762439253 587.6 29 21.6 0.852 0 -0.006 -0.523
1438986247.795240561 587.7 28.8 21.6 0.852 0 -0.006 -0.523
1438986247.822255430 587.8 28.5 21.6 0.852 0 -0.006 -0.523
1438986247.855501512 588 28.2 21.6 0.852 0 -0.006 -0.523
1438986247.881988551 588.1 28 21.6 0.852 0 -0.006 -0.523
1438986247.912751602 588.3 27.7 21.6 0.852 0 -0.006 -0.523
1438986247.942483283 588.4 27.4 21.6 0.852 0 -0.006 -0.523
1438986247.975478471 588.5 27.2 21.6 0.852 0 -0.006 -0.523
1438986248.005125080 588.7 26.9 21.6 0.852 0 -0.006 -0.523
1438986248.034944526 588.8 26.7 21.6 0.852 0 -0.006 -0.523
1438986248.062452207 589 26.4 21.6 0.852 0 -0.006 -0.523
1438986248.095458971 589.1 26.1 21.6 0.852 0 -0.006 -0.523
1438986248.125489079 589.2 25.8 21.6 0.852 0 -0.006 -0.523
1438986248.155685423 589.4 25.6 21.6 0.852 0 -0.006 -0.523
1438986248.185296982 589.5 25.3 21.6 0.852 0 -0.006 -0.523
1438986248.218382420 589.6 25 21.6 0.852 0 -0.006 -0.523
1438986248.245863229 589.8 24.7 21.6 0.852 0 -0.006 -0.523
1438986248.278510086 589.9 24.5 21.7 0.852 0 -0.006 -0.523
1438986248.305453640 590 24.2 21.7 0.852 0 -0.006 -0.523
1438986248.338846710 590.2 23.9 21.7 0.852 0 -0.006 -0.523
1438986248.365488307 590.3 23.7 21.7 0.852 0 -0.006 -0.523
1438986248.398435794 590.5 23.4 21.7 0.852 0 -0.006 -0.523
1438986248.428036757 590.6 23.1 21.7 0.852 0 -0.006 -0.523
1438986248.458440059 590.7 22.9 21.7 0.852 0 -0.006 -0.523
1438986248.485836278 590.9 22.6 21.7 0.852 0 -0.006 -0.523
1438986248.519135816 591 22.4 21.7 0.852 0 -0.006 -0.523
1438986248.548551981 591.1 22.1 21.7 0.852 0 -0.006 -0.523
1438986248.578065321 591.3 21.8 21.7 0.852 0 -0.006 -0.523
1438986248.609220961 591.4 21.5 21.7 0.852 0 -0.006 -0.523
1438986248.642088708 591.6 21.3 21.7 0.852 0 -0.006 -0.523
1438986248.667967075 591.7 21 21.7 0.852 0 -0.006 -0.523
1438986248.700961447 591.8 20.7 21.7 0.852 0 -0.006 -0.523
1438986248.728315333 592 20.5 21.8 0.852 0 -0.006 -0.523
1438986248.761176875 592.1 20.2 21.8 0.852 0 -0.006 -0.523
1438986248.788804608 592.2 19.9 21.8 0.852 0 -0.006 -0.523
1438986248.818631292 592.4 19.7 21.8 0.852 0 -0.006 -0.523
1438986248.848890141 592.5 19.4 21.8 0.852 0 -0.006 -0.523
1438986248.878461126 592.6 19.1 21.8 0.852 0 -0.006 -0.523
1438986248.908180384 592.8 18.8 21.8 0.852 0 -0.006 -0.523
1438986248.941529193 592.9 18.6 21.8 0.852 0 -0.006 -0.523
1438986248.968380934 593.1 18.3 21.8 0.852 0 -0.006 -0.523
1438986249.001326594 593.2 18.1 21.8 0.852 0 -0.006 -0.523
573.59 -91.4115 10.4783 0.980678 -0.00777968 -0.00354905 0.195443
585.859 -99.2335 11.2792 0.950278 -0.0161354 -0.00485142 0.310947
253
1438986286.136703680 -0.203975 0.111942
1438986286.140443958 -0.203058 0.112629
1438986286.150171958 -0.203958 0.112034
1438986286.160102706 -0.203043 0.112558
1438986286.169992239 -0.203058 0.112629
1438986286.180314136 -0.203043 0.112558
1438986286.190176388 -0.203043 0.112558
1438986286.200010833 -0.204044 0.111984
1438986286.209996584 -0.204044 0.111984
1438986286.220408883 -0.203964 0.110921
1438986286.230329145 -0.201088 0.112642
1438986286.240577029 -0.202157 0.11211
1438986286.250460374 -0.200141 0.113187
1438986286.260429327 -0.199067 0.115945
1438986286.270035956 -0.198255 0.113313
1438986286.280260924 -0.198269 0.11227
1438986286.290348454 -0.198372 0.110227
1438986286.299982618 -0.200352 0.110121
1438986286.310324796 -0.199369 0.110603
1438986286.320178697 -0.200375 0.108917
1438986286.330074226 -0.20027 0.111122
1438986286.340153723 -0.203158 0.111536
1438986286.350257703 -0.203143 0.111465
1438986286.360091089 -0.203058 0.112629
1438986286.369909596 -0.203043 0.112558
1438986286.380600201 -0.204059 0.112055
1438986286.390440805 -0.204158 0.110962
1438986286.400327954 -0.203964 0.110921
1438986286.410576689 -0.204059 0.112055
1438986286.420152213 -0.204059 0.112055
1438986286.429990323 -0.204059 0.112055
1438986286.439927756 -0.204961 0.112411
1438986286.450258323 -0.203143 0.111465
1438986286.460108216 -0.203058 0.112629
1438986286.470145748 -0.204044 0.111984
1438986286.480488368 -0.204975 0.111369
1438986286.490425357 -0.204059 0.112055
1438986286.500301506 -0.204059 0.112055
1438986286.509941768 -0.204059 0.112055
1438986286.520173443 -0.204044 0.111984
1438986286.530093009 -0.205976 0.110795
1438986286.540417118 -0.204044 0.111984
1438986286.550224180 -0.204044 0.111984
1438986286.560207175 -0.203058 0.112629
1438986286.569962370 -0.18195 0.110052
1438986286.580261344 0.240448 0.063864
1438986286.590367593 0.671922 -0.01157
1438986286.600290781 0.959244 -0.081456
1438986286.610218068 1.14689 -0.137835
1438986286.620436652 1.29605 -0.199897
1438986286.630086713 1.41019 -0.228624
1438986286.639937483 1.46417 -0.228681
1438986286.650312783 1.51977 -0.226534
1438986286.660266501 1.58596 -0.223149
1438986286.669986487 1.67246 -0.225615
1438986286.680274764 1.71071 -0.245409
1438986286.690199548 1.73318 -0.275202
1438986286.700090237 1.72115 -0.307956
1438986286.710490559 1.73816 -0.351278
1438986286.720582145 1.74558 -0.367764
1438986286.730069341 1.71744 -0.354246
1438986286.739958592 1.70125 -0.316755
1438986286.750289404 1.69148 -0.280761
1438986286.760265437 1.65871 -0.237236
1438986286.769989711 1.63196 -0.188148
1438986286.780335741 1.64161 -0.144681
1438986286.790332738 1.63904 -0.108515
1438986286.800068580 1.64016 -0.089712
1438986286.810376299 1.64579 -0.085537
1438986286.820308426 1.65742 -0.084171
1438986286.830105153 1.70448 -0.090836
1438986286.839934601 1.71974 -0.084453
1438986286.850411907 1.68749 -0.058486
1438986286.860142759 1.71151 -0.044897
1438986286.870016805 1.69988 -0.046589
1438986286.880660707 1.70125 -0.04381
1438986286.890474291 1.70112 -0.043917
1438986286.900048794 1.70557 -0.038938
1438986286.910370301 1.70043 -0.035794
1438986286.920288738 1.70459 -0.04417
1438986286.930138246 1.68682 -0.059937
1438986286.939979397 1.66748 -0.070858
1438986286.950319486 1.66485 -0.075637
1438986286.960155286 1.64674 -0.069667
1438986286.970132575 1.66816 -0.057254
1438986286.980436106 1.65397 -0.038313
1438986286.990461291 1.66273 -0.027211
1438986287.000115076 1.66698 -0.03079
1438986287.010040972 1.65955 -0.034966
1438986287.020223773 1.65302 -0.04912
1438986287.030131244 1.63236 -0.072646
1438986287.039957944 1.6196 -0.095825
1438986287.050307908 1.6074 -0.132201
1438986287.060167632 1.61368 -0.156918
1438986287.070160149 1.61905 -0.177129
1438986287.080210725 1.63389 -0.196631
1438986287.090287555 1.62027 -0.18484
1438986287.100115523 1.62561 -0.165562
1438986287.110171742 1.6384 -0.145541
1438986287.120581714 1.61141 -0.124486
1438986287.130391129 1.58848 -0.117082
1438986287.140198248 1.60282 -0.124512
1438986287.150303243 1.55775 -0.120658
1438986287.160142624 1.55737 -0.110378
1438986287.170096895 1.56711 -0.106589
1438986287.180110482 1.57218 -0.113258
1438986287.190253112 1.57445 -0.117537
1438986287.200122003 1.57499 -0.109305
1438986287.210020342 1.57757 -0.094607
1438986287.220313520 1.61552 -0.076769
1438986287.230212404 1.64272 -0.061498
1438986287.240077153 1.64843 -0.053449
1438986287.250337787 1.61696 -0.037427
1438986287.260235390 1.60682 -0.012174
1438986287.270021744 1.60007 0.022167
1438986287.279903764 1.58836 0.048924
1438986287.290246956 1.58679 0.059728
1438986287.300114231 1.59341 0.062712
1438986287.309996982 1.58827 0.073291
1438986287.320292623 1.54883 0.081087
1438986287.330154899 1.54632 0.078148
1438986287.340081589 1.5461 0.066769
1438986287.350377973 1.58685 0.047142
1438986287.360234787 1.59173 0.026345
1438986287.370124335 1.60727 0.017459
1438986287.380319844 1.61475 0.008843
1438986287.390289311 1.62124 0.013586
1438986287.400412170 1.62378 0.028321
1438986287.410265093 1.6118 0.041002
1438986287.420363819 1.60828 0.045738
1438986287.430162621 1.58519 0.048708
1438986287.440069601 1.57842 0.050958
1438986287.449909252 1.58113 0.053787
1438986287.460254666 1.59137 0.051658
1438986287.470056615 1.59758 0.04115
1438986287.480092655 1.6212 0.037883
1438986287.490502144 1.61016 0.045489
1438986287.500554291 1.62379 0.053988
1438986287.510323147 1.63626 0.054226
1438986287.520796582 1.63833 0.057452
1438986287.530567021 1.63544 0.064149
1438986287.540274872 1.63608 0.066039
1438986287.549943700 1.61234 0.064263
1438986287.560248870 1.61717 0.051365
1438986287.570133832 1.63062 0.04275
1438986287.580005375 1.62542 0.042838
1438986287.590334253 1.6223 0.032241
1438986287.600161509 1.62157 0.013912
1438986287.610006665 1.63283 0.006055
1438986287.620335845 1.63862 0.003649
1438986287.630164062 1.66183 0.004784
1438986287.640082681 1.67462 0.008516
1438986287.650002491 1.69118 0.005337
1438986287.660304084 1.70066 0.004246
1438986287.670138707 1.73028 0.005787
1438986287.679997159 1.73742 0.003946
1438986287.690436890 1.72632 -0.01428
1438986287.700340446 1.70367 -0.045275
1438986287.710223812 1.67541 -0.083329
1438986287.720125227 1.67144 -0.116873
1438986287.730370918 1.69761 -0.140736
1438986287.740098814 1.69015 -0.151484
1438986287.749978908 1.70696 -0.15227
1438986287.760294063 1.7097 -0.147709
1438986287.770347849 1.72133 -0.132443
1438986287.780162502 1.71536 -0.106313
1438986287.790359541 1.7106 -0.078351
1438986287.800200905 1.70175 -0.055275
1438986287.810062372 1.70021 -0.05076
1438986287.819945072 1.70215 -0.05422
1438986287.830384609 1.70546 -0.054983
1438986287.840300229 1.7045 -0.058704
1438986287.850338871 1.69766 -0.067628
1438986287.860623070 1.67658 -0.062896
1438986287.870375502 1.67586 -0.058624
1438986287.880277591 1.68041 -0.04928
1438986287.890324533 1.68118 -0.035932
1438986287.900200055 1.70413 -0.030912
1438986287.910275871 1.69514 -0.018409
1438986287.920026915 1.69267 -0.022599
1438986287.930347687 1.67681 -0.033139
1438986287.940190135 1.66219 -0.038093
1438986287.950045372 1.65797 -0.041679
1438986287.960458695 1.67227 -0.041494
1438986287.970204323 1.67054 -0.042826
1438986287.980108658 1.6937 -0.041453
1438986287.989955784 1.69188 -0.038848
1438986288.000174964 1.69206 -0.029789
1438986288.010112046 1.70806 -0.028085
1438986288.019954144 1.70625 -0.036533
1438986288.030460485 1.70675 -0.051429
1438986288.040219677 1.7251 -0.071181
1438986288.050113099 1.71643 -0.074287
1438986288.060325998 1.71826 -0.059523
1438986288.070200416 1.72435 -0.039516
1438986288.080227587 1.7093 -0.01293
1438986288.089956526 1.68091 0.021518
1438986288.100283691 1.65775 0.040104
1438986288.110177761 1.6504 0.04484
1438986288.119951622 1.65152 0.042774
1438986288.130311827 1.6511 0.035115
1438986288.140207918 1.66967 0.019335
1438986288.150035304 1.67012 0.005372
1438986288.159885475 1.65041 -0.000102
1438986288.170201285 1.66643 -0.008565
1438986288.180107090 1.66752 -0.012428
1438986288.189955985 1.67018 -0.021794
1438986288.200457600 1.65599 -0.023922
1438986288.210418905 1.6735 -0.017027
1438986288.220038116 1.66723 -0.00621
1438986288.229971220 1.66648 -0.00092
1438986288.240190847 1.66599 -0.00939
1438986288.250085065 1.6999 -0.019585
1438986288.259969292 1.68962 -0.022057
1438986288.270242754 1.66261 -0.022289
1438986288.280083496 1.6562 -0.030185
1438986288.290007981 1.66119 -0.049276
1438986288.300455094 1.64081 -0.067404
1438986288.310136298 1.62105 -0.094069
1438986288.320022471 1.60174 -0.111371
1438986288.330534454 1.58546 -0.123857
1438986288.340403885 1.58862 -0.131562
1438986288.350496561 1.61167 -0.128071
1438986288.360643797 1.62803 -0.126721
1438986288.370515471 1.64427 -0.119993
1438986288.380333130 1.65445 -0.109097
1438986288.390219538 1.65064 -0.098538
1438986288.400301145 1.62693 -0.088868
1438986288.410198066 1.6181 -0.077602
1438986288.420048264 1.63663 -0.064381
1438986288.430422923 1.64098 -0.041349
1438986288.440324061 1.65328 -0.025211
1438986288.450434011 1.63562 -0.016916
1438986288.459961894 1.61589 -0.012837
1438986288.470239713 1.61832 -0.019147
1438986288.480134084 1.60542 -0.025705
1438986288.490012111 1.61846 -0.041751
1438986288.499958976 1.61463 -0.054685
1438986288.510277267 1.60707 -0.068953
1438986288.520061446 1.57319 -0.077083
1438986288.530477829 1.5576 -0.084482
1438986288.540336040 1.56977 -0.108554
1438986288.550084878 1.57022 -0.116765
1438986288.560032005 1.5903 -0.128934
1438986288.570272523 1.57688 -0.1416
1438986288.580157050 1.58459 -0.157169
1438986288.590067316 1.58351 -0.175753
1438986288.600301899 1.59153 -0.17667
1438986288.610291251 1.57327 -0.161967
1438986288.620185027 1.60056 -0.1437
1438986288.630149520 1.61405 -0.119895
1438986288.640495064 1.62144 -0.087562
1438986288.650399038 1.61348 -0.065987
85
1438986286.136722774 549.1 36.4 21 0.371 -0.001 0 -0.928
1438986286.159102264 549.1 36.4 21 0.371 -0.001 0 -0.928
1438986286.192144326 549.1 36.4 21 0.371 -0.001 0 -0.928
1438986286.220150170 549.1 36.4 21 0.371 -0.001 0 -0.928
1438986286.250081759 549.1 36.4 21 0.371 -0.001 0 -0.929
1438986286.278889752 548.9 36.3 20.9 0.371 -0.001 0 -0.929
1438986286.309897465 548.8 36.2 20.9 0.371 -0.001 0 -0.928
1438986286.336874562 548.6 35.9 21 0.371 -0.001 0 -0.928
1438986286.369614947 548.4 35.7 21 0.371 -0.001 0 -0.928
1438986286.396531307 548.1 35.5 21 0.371 -0.001 0 -0.928
1438986286.429898306 548 35.3 21 0.371 -0.001 0 -0.928
1438986286.459758039 547.7 35.1 21 0.371 -0.001 0 -0.928
1438986286.492927960 547.5 34.9 21 0.371 -0.001 0 -0.928
1438986286.522838915 547.2 34.6 21 0.371 -0.001 0 -0.929
1438986286.552678075 547 34.4 21 0.371 -0.001 0 -0.929
1438986286.582447957 546.8 34.2 21 0.371 -0.001 0 -0.928
1438986286.612258743 546.6 34 21 0.371 -0.001 0 -0.928
1438986286.642088986 546.4 33.8 21 0.371 -0.001 0 -0.928
1438986286.672248164 546.2 33.6 21 0.371 -0.001 0 -0.928
1438986286.702075587 545.9 33.4 21 0.371 -0.001 0 -0.928
1438986286.732056096 545.8 33.2 21 0.371 -0.001 0 -0.928
1438986286.762705364 545.5 33 21 0.371 -0.001 0 -0.928
1438986286.792584487 545.3 32.8 21 0.371 -0.001 0 -0.928
1438986286.822434899 545.1 32.6 21 0.371 -0.001 0 -0.929
1438986286.852220353 544.9 32.4 21 0.371 -0.001 0 -0.928
1438986286.882535664 544.7 32.2 21 0.371 -0.001 0 -0.928
1438986286.912620717 544.5 32 21 0.371 -0.001 0 -0.928
1438986286.942376923 544.2 31.7 21 0.371 -0.001 0 -0.928
1438986286.975548067 544 31.5 21 0.371 -0.001 0 -0.928
1438986287.005494212 543.8 31.3 21 0.371 -0.001 0 -0.928
1438986287.035415437 543.6 31.1 21 0.371 -0.001 0 -0.928
1438986287.062800497 543.4 30.9 21 0.371 -0.001 0 -0.928
1438986287.095199135 543.2 30.7 21 0.371 -0.001 0 -0.928
1438986287.122897730 542.9 30.5 21 0.371 -0.001 0 -0.929
1438986287.155148469 542.7 30.3 21 0.371 -0.001 0 -0.929
1438986287.182974751 542.5 30.1 21 0.371 -0.001 0 -0.929
1438986287.215807716 542.3 29.9 21 0.371 -0.001 0 -0.929
1438986287.242198493 542 29.6 21 0.371 -0.001 0 -0.929
1438986287.275933936 541.8 29.5 21 0.371 -0.001 0 -0.928
1438986287.302237260 541.6 29.2 21 0.371 -0.001 0 -0.928
1438986287.335410063 541.4 29 21 0.371 -0.001 0 -0.928
1438986287.362049922 541.2 28.8 21 0.371 -0.001 0 -0.928
1438986287.395400126 541 28.6 21 0.371 -0.001 0 -0.928
1438986287.425684284 540.7 28.4 21 0.371 -0.001 0 -0.928
1438986287.458595576 540.5 28.2 21 0.371 -0.001 0 -0.928
1438986287.483157333 540.3 28 21 0.371 -0.001 0 -0.928
1438986287.515331339 540.1 27.8 21 0.371 -0.001 0 -0.928
1438986287.545805513 539.9 27.5 21 0.371 -0.001 0 -0.928
1438986287.575802937 539.7 27.3 21 0.371 -0.001 0 -0.928
1438986287.605710784 539.4 27.1 21 0.371 -0.001 0 -0.928
1438986287.635892128 539.2 27 21 0.371 -0.001 0 -0.929
1438986287.665635047 539 26.8 21 0.371 -0.001 0 -0.929
1438986287.695751255 538.8 26.6 21 0.371 -0.001 0 -0.929
1438986287.726125477 538.6 26.3 21 0.371 -0.001 0 -0.928
1438986287.755025492 538.4 26.1 21 0.371 -0.001 0 -0.928
1438986287.783129958 538.1 25.9 21 0.371 -0.001 0 -0.928
1438986287.815039387 537.9 25.7 21 0.371 -0.001 0 -0.928
1438986287.845502312 537.7 25.5 21 0.371 -0.001 0 -0.928
1438986287.878681584 537.5 25.3 21 0.371 -0.001 0 -0.928
1438986287.905319460 537.3 25.1 21 0.371 -0.001 0 -0.928
1438986287.938563082 537 24.9 21 0.371 -0.001 0 -0.929
1438986287.965211072 536.8 24.7 21 0.371 -0.001 0 -0.929
1438986287.998243393 536.6 24.5 21 0.371 -0.001 0 -0.929
1438986288.025957942 536.4 24.2 21 0.371 -0.001 0 -0.928
1438986288.055638984 536.2 24 21 0.371 -0.001 0 -0.928
1438986288.085621238 535.9 23.8 21 0.371 -0.001 0 -0.928
1438986288.118419987 535.8 23.6 21 0.371 -0.001 0 -0.928
1438986288.145833656 535.5 23.4 21 0.371 -0.001 0 -0.928
1438986288.175615593 535.3 23.2 21 0.371 -0.001 0 -0.928
1438986288.205986820 535.1 23 21 0.371 -0.001 0 -0.928
1438986288.236056355 534.9 22.8 21 0.371 -0.001 0 -0.928
1438986288.265835234 534.7 22.6 21 0.371 -0.001 0 -0.929
1438986288.295652668 534.4 22.4 21 0.371 -0.001 0 -0.928
1438986288.325614702 534.2 22.2 21 0.371 -0.001 0 -0.928
1438986288.356172575 534 22 21 0.371 -0.001 0 -0.928
1438986288.385867417 533.8 21.8 21 0.371 -0.001 0 -0.928
1438986288.415726255 533.6 21.6 21 0.371 -0.001 0 -0.928
1438986288.445636681 533.4 21.4 21 0.371 -0.001 0 -0.928
1438986288.478759552 533.1 21.2 21 0.371 -0.001 0 -0.928
1438986288.505397170 532.9 20.9 21 0.371 -0.001 0 -0.928
1438986288.539074661 532.7 20.7 21 0.371 -0.001 0 -0.928
1438986288.565752800 532.5 20.5 21 0.371 -0.001 0 -0.928
1438986288.597967903 532.3 20.3 21 0.371 -0.001 0 -0.928
1438986288.626368319 532.1 20.1 21 0.371 -0.001 0 -0.928
1438986288.656082951 531.9 19.9 21 0.371 -0.001 0 -0.928
585.864 -99.2552 11.3183 0.950255 -0.0165195 -0.00491294 0.310995
562.356 -87.2191 10.5568 0.982302 -0.00841373 -0.00227259 0.187104
252
1438986331.861316793 -0.209972 0.109381
1438986331.870195618 -0.209071 0.108862
1438986331.880135899 -0.2081 0.108464
1438986331.890030975 -0.208986 0.108912
1438986331.900270363 -0.209071 0.108862
1438986331.910156000 -0.209957 0.10931
1438986331.920047397 -0.209887 0.109431
1438986331.929913473 -0.208085 0.108393
1438986331.940527359 -0.206169 0.109491
1438986331.950149502 -0.20817 0.108343
1438986331.960409543 -0.203413 0.107963
1438986331.970355068 -0.203403 0.10678
1438986331.980149042 -0.203396 0.108055
1438986331.990028355 -0.205281 0.108092
1438986332.000424128 -0.206151 0.109745
1438986332.010185890 -0.206182 0.10861
1438986332.020039955 -0.206152 0.109582
1438986332.030341296 -0.206189 0.107335
1438986332.040477897 -0.208153 0.108435
1438986332.050060010 -0.208153 0.108435
1438986332.059998995 -0.210956 0.108899
1438986332.070282618 -0.208054 0.109527
1438986332.080396347 -0.209071 0.108862
1438986332.090266066 -0.208071 0.109436
1438986332.100570475 -0.208989 0.109863
1438986332.110379338 -0.208071 0.109436
1438986332.120289405 -0.208972 0.109955
1438986332.130679538 -0.209071 0.108862
1438986332.140304913 -0.209941 0.110515
1438986332.150089308 -0.209978 0.108268
1438986332.159937093 -0.209873 0.110474
1438986332.170258039 -0.209071 0.108862
1438986332.180243200 -0.208071 0.109436
1438986332.190044669 -0.210072 0.108288
1438986332.200351100 -0.209071 0.108862
1438986332.210215394 -0.210003 0.108246
1438986332.220138561 -0.210003 0.108246
1438986332.229896993 -0.209978 0.108268
1438986332.240286918 -0.209887 0.109431
1438986332.250122367 -0.209961 0.10836
1438986332.260003325 -0.209887 0.109431
1438986332.270262644 -0.209957 0.10931
1438986332.280140913 -0.210072 0.108288
1438986332.290061370 -0.209963 0.108197
1438986332.299964917 -0.210056 0.108217
1438986332.310242621 -0.209893 0.108318
1438986332.320073259 -0.208991 0.107799
1438986332.330390824 -0.20817 0.108343
1438986332.340495692 -0.208055 0.109365
1438986332.350094092 -0.210957 0.108736
1438986332.359979497 -0.209956 0.109472
1438986332.370621639 -0.209956 0.109472
1438986332.380461199 -0.209978 0.108268
1438986332.390005360 -0.209957 0.10931
1438986332.400029173 -0.209155 0.107698
1438986332.410220704 -0.209071 0.108862
1438986332.420024147 -0.209893 0.108318
1438986332.429985677 -0.209858 0.110403
1438986332.440268701 -0.199327 0.111643
1438986332.450187316 0.003725 0.153714
1438986332.460209555 0.5758 0.244065
1438986332.470640506 1.27739 0.375543
1438986332.480186061 1.68598 0.498514
1438986332.490045829 1.92831 0.581921
1438986332.500349044 2.18637 0.647176
1438986332.510245305 2.33096 0.71184
1438986332.520327637 2.39162 0.770267
1438986332.529977863 2.45102 0.810877
1438986332.540269337 2.55546 0.854237
1438986332.550314104 2.6066 0.90111
1438986332.560163587 2.68274 0.944322
1438986332.570557398 2.72729 0.971316
1438986332.580535388 2.74003 0.982673
1438986332.590319404 2.74618 0.988329
1438986332.600362724 2.82417 0.995222
1438986332.610225971 2.88162 1.01946
1438986332.620103845 2.87088 1.0447
1438986332.629921896 2.85524 1.0499
1438986332.640271452 2.85926 1.04066
1438986332.650258162 2.87254 1.03258
1438986332.660007290 2.88387 1.02298
1438986332.670366709 2.8473 1.01192
1438986332.680178047 2.81658 0.987079
1438986332.690029161 2.81868 0.968372
1438986332.699914305 2.75321 0.957117
1438986332.710275784 2.71893 0.944452
1438986332.720144150 2.75268 0.936545
1438986332.729944180 2.76455 0.934787
1438986332.740323024 2.75185 0.934143
1438986332.750125615 2.74913 0.931517
1438986332.760044678 2.74675 0.929824
1438986332.770371872 2.74601 0.931095
1438986332.780263463 2.73002 0.921133
1438986332.790082349 2.72187 0.900187
1438986332.799973798 2.72525 0.890502
1438986332.810345773 2.72582 0.885796
1438986332.820191932 2.74381 0.881163
1438986332.830028393 2.7761 0.873468
1438986332.840337879 2.76061 0.874915
1438986332.850292730 2.78192 0.885973
1438986332.860074296 2.80103 0.90629
1438986332.869889784 2.81852 0.932809
1438986332.880190399 2.84995 0.96926
1438986332.890104801 2.80557 1.00768
1438986332.899939704 2.80128 1.02311
1438986332.910244681 2.76684 1.02059
1438986332.920156453 2.72716 1.00232
1438986332.929959305 2.74046 0.984421
1438986332.940343263 2.72705 0.962433
1438986332.950150627 2.71568 0.947736
1438986332.960094486 2.72097 0.937981
1438986332.970376981 2.73561 0.939099
1438986332.980275623 2.72312 0.935627
1438986332.990084850 2.74169 0.932607
1438986332.999951095 2.71887 0.935702
1438986333.010290802 2.75543 0.957533
1438986333.020175612 2.76032 0.979298
1438986333.030010606 2.77394 0.99754
1438986333.040351766 2.7721 1.00689
1438986333.050269835 2.70516 1.00369
1438986333.060067233 2.6832 0.986884
1438986333.070405836 2.71374 0.967717
1438986333.080298958 2.72374 0.95441
1438986333.090068729 2.75296 0.941218
1438986333.099990914 2.78472 0.931584
1438986333.110339408 2.7471 0.92395
1438986333.120214354 2.74266 0.908926
1438986333.130132714 2.72977 0.898013
1438986333.140173749 2.69648 0.88894
1438986333.150251885 2.73931 0.888596
1438986333.160057571 2.75039 0.887022
1438986333.169949518 2.71098 0.87685
1438986333.180222173 2.69918 0.855039
1438986333.190111384 2.72468 0.8372
1438986333.200011343 2.73521 0.813279
1438986333.210544173 2.73242 0.791529
1438986333.220572414 2.70368 0.770167
1438986333.230362790 2.68063 0.747509
1438986333.240512673 2.70078 0.729303
1438986333.250252791 2.69458 0.72286
1438986333.260085974 2.68086 0.727202
1438986333.269965941 2.64354 0.732262
1438986333.280237049 2.66213 0.72992
1438986333.290275870 2.65158 0.721683
1438986333.299989140 2.62517 0.709738
1438986333.310324123 2.62211 0.705808
1438986333.320171553 2.64728 0.711439
1438986333.330036441 2.6505 0.729179
1438986333.340338935 2.63764 0.756211
1438986333.350270602 2.63873 0.786864
1438986333.360078496 2.63263 0.813212
1438986333.370199829 2.65153 0.82752
1438986333.380463768 2.68213 0.837296
1438986333.390123827 2.65029 0.833276
1438986333.400035063 2.65943 0.820506
1438986333.410379493 2.62862 0.803477
1438986333.420319924 2.61456 0.786168
1438986333.430324634 2.61195 0.781943
1438986333.440695672 2.63867 0.786265
1438986333.450269087 2.58018 0.784069
1438986333.460122197 2.55951 0.765214
1438986333.469961412 2.59488 0.760768
1438986333.480307968 2.57183 0.766731
1438986333.490132018 2.57388 0.774278
1438986333.500136887 2.61739 0.78433
1438986333.510390584 2.57682 0.786254
1438986333.520196133 2.57371 0.78501
1438986333.530077500 2.54349 0.781267
1438986333.539973844 2.59946 0.784061
1438986333.550227533 2.62273 0.792708
1438986333.560165647 2.63468 0.797771
1438986333.570025958 2.6229 0.792382
1438986333.580299641 2.61949 0.775702
1438986333.590422126 2.60508 0.764614
1438986333.600363887 2.57755 0.74951
1438986333.609961320 2.5949 0.737856
1438986333.620206077 2.60195 0.722551
1438986333.630170835 2.56246 0.697674
1438986333.640260355 2.53981 0.675472
1438986333.650537160 2.4726 0.659776
1438986333.660322990 2.48707 0.651176
1438986333.670228437 2.51897 0.653911
1438986333.680626688 2.50839 0.659231
1438986333.690409652 2.49464 0.662018
1438986333.700065310 2.50653 0.663167
1438986333.710020542 2.51978 0.660789
1438986333.720249931 2.51273 0.656164
1438986333.730383042 2.52559 0.649451
1438986333.740173748 2.50568 0.653805
1438986333.750460371 2.49155 0.659415
1438986333.760160480 2.4861 0.672673
1438986333.770007574 2.46857 0.679617
1438986333.780395625 2.44338 0.686553
1438986333.790488066 2.48311 0.702505
1438986333.800258923 2.48518 0.720513
1438986333.810617196 2.49315 0.735309
1438986333.820237915 2.50489 0.748131
1438986333.830083645 2.5236 0.759837
1438986333.840002998 2.56263 0.775809
1438986333.850396283 2.5689 0.789921
1438986333.860166026 2.56281 0.785683
1438986333.870063175 2.56609 0.780594
1438986333.880346994 2.5613 0.786615
1438986333.890184037 2.54208 0.795976
1438986333.900096433 2.52378 0.799947
1438986333.910674411 2.5276 0.802438
1438986333.920617832 2.57455 0.798504
1438986333.930377973 2.54817 0.786268
1438986333.939971468 2.55753 0.777478
1438986333.950296869 2.56272 0.76912
1438986333.960157446 2.60897 0.768185
1438986333.970010214 2.58515 0.767765
1438986333.980418346 2.58371 0.760065
1438986333.990548900 2.5665 0.747451
1438986334.000084722 2.53781 0.721666
1438986334.010002208 2.56704 0.70137
1438986334.020274736 2.56921 0.69228
1438986334.030427125 2.56647 0.690469
1438986334.040255855 2.55823 0.691167
1438986334.050269617 2.56369 0.699302
1438986334.060248068 2.57271 0.712638
1438986334.070059862 2.58182 0.727187
1438986334.079943679 2.59937 0.737963
1438986334.090465060 2.58336 0.738309
1438986334.100351748 2.58635 0.737836
1438986334.110202729 2.59554 0.746879
1438986334.120480864 2.57594 0.753523
1438986334.130155131 2.58 0.748278
1438986334.140009411 2.61302 0.743072
1438986334.150104965 2.6102 0.737457
1438986334.160217133 2.61441 0.734198
1438986334.170034820 2.59837 0.72739
1438986334.179939241 2.59203 0.721667
1438986334.190500170 2.6222 0.724598
1438986334.200414128 2.62471 0.735884
1438986334.210241153 2.62742 0.74221
1438986334.220577160 2.49658 0.778353
1438986334.230389826 2.53736 0.918848
1438986334.240307151 2.57413 0.999167
1438986334.250320590 2.54569 1.00204
1438986334.260201556 2.54863 0.985888
1438986334.270063205 2.48694 1.0217
1438986334.280024405 2.49553 1.06739
1438986334.290348847 2.48184 1.09221
1438986334.300215019 2.48298 1.07993
1438986334.310177250 2.47102 1.06089
1438986334.320624944 2.49213 1.07688
1438986334.330386749 2.48558 1.06649
1438986334.340264281 2.42272 1.01075
1438986334.350188611 2.38455 1.03135
1438986334.360569027 2.46873 1.08634
1438986334.370058801 2.46111 1.07903
85
1438986331.861318854 604.8 -88.3 23.9 0.151 -0.007 0 0.988
1438986331.870113182 604.8 -88.3 23.9 0.151 -0.007 0 0.988
1438986331.903816970 604.8 -88.3 23.9 0.151 -0.007 0 0.988
1438986331.933625402 604.8 -88.3 23.9 0.151 -0.007 0 0.988
1438986331.963498067 604.8 -88.3 23.9 0.152 -0.007 0 0.988
1438986331.996359882 604.6 -88.3 23.8 0.152 -0.007 0 0.988
1438986332.022893065 604.3 -88.2 23.8 0.152 -0.007 0 0.988
1438986332.053972377 604.1 -88.1 23.8 0.152 -0.007 0 0.988
1438986332.083190177 603.8 -88.1 23.8 0.152 -0.007 0 0.988
1438986332.116302278 603.5 -88 23.8 0.152 -0.007 0 0.988
1438986332.143010768 603.2 -87.9 23.8 0.152 -0.007 0 0.988
1438986332.175921019 602.9 -87.8 23.8 0.152 -0.007 0 0.988
1438986332.203623738 602.6 -87.6 23.8 0.152 -0.007 0 0.988
1438986332.236597945 602.4 -87.6 23.8 0.152 -0.007 0 0.988
1438986332.266230554 602.1 -87.5 23.8 0.151 -0.007 0 0.988
1438986332.296026690 601.8 -87.4 23.8 0.151 -0.007 0 0.988
1438986332.326846150 601.5 -87.3 23.8 0.151 -0.007 0 0.988
1438986332.359734482 601.2 -87.2 23.8 0.151 -0.007 0 0.988
1438986332.389463889 600.9 -87.1 23.8 0.151 -0.007 0 0.988
1438986332.419839658 600.6 -87 23.8 0.151 -0.007 0 0.988
1438986332.446240538 600.3 -86.9 23.8 0.151 -0.007 0 0.988
1438986332.479087423 600.1 -86.8 23.8 0.151 -0.007 0 0.988
1438986332.506783993 599.8 -86.7 23.8 0.151 -0.007 0 0.988
1438986332.538983720 599.5 -86.7 23.8 0.151 -0.007 0 0.988
1438986332.567019890 599.2 -86.6 23.8 0.151 -0.007 0 0.988
1438986332.599694781 598.9 -86.5 23.7 0.151 -0.007 0 0.988
1438986332.629464517 598.6 -86.4 23.7 0.151 -0.007 0 0.988
1438986332.659264598 598.3 -86.3 23.7 0.151 -0.007 0 0.988
1438986332.689840389 598 -86.2 23.7 0.151 -0.007 0 0.988
1438986332.721871524 597.7 -86.1 23.7 0.151 -0.007 0 0.988
1438986332.749247471 597.5 -86 23.7 0.151 -0.007 0 0.988
1438986332.782246745 597.2 -85.9 23.7 0.151 -0.007 0 0.988
1438986332.809734950 596.9 -85.8 23.7 0.151 -0.007 0 0.988
1438986332.842631249 596.6 -85.7 23.7 0.151 -0.007 0 0.988
1438986332.869387228 596.3 -85.7 23.6 0.151 -0.007 0 0.988
1438986332.902313113 596 -85.6 23.6 0.151 -0.007 0 0.988
1438986332.929692672 595.7 -85.5 23.6 0.151 -0.007 0 0.988
1438986332.962334233 595.4 -85.4 23.6 0.151 -0.007 0 0.988
1438986332.992063351 595.2 -85.3 23.6 0.151 -0.007 0 0.988
1438986333.022632217 594.9 -85.2 23.6 0.151 -0.007 0 0.988
1438986333.052318871 594.5 -85.1 23.6 0.151 -0.007 0 0.988
1438986333.085392002 594.3 -85 23.6 0.151 -0.007 0 0.988
1438986333.112407923 594 -84.9 23.6 0.151 -0.007 0 0.988
1438986333.143047755 593.7 -84.8 23.6 0.151 -0.007 0 0.988
1438986333.172751993 593.4 -84.7 23.6 0.151 -0.007 0 0.988
1438986333.206094257 593.1 -84.7 23.5 0.151 -0.007 0 0.988
1438986333.233007801 592.8 -84.6 23.6 0.151 -0.007 0 0.988
1438986333.265811322 592.5 -84.5 23.5 0.151 -0.007 0 0.988
1438986333.292553138 592.2 -84.4 23.5 0.151 -0.007 0 0.988
1438986333.325300797 592 -84.3 23.5 0.151 -0.007 0 0.988
1438986333.352907534 591.7 -84.2 23.5 0.151 -0.007 0 0.988
1438986333.385374265 591.4 -84.1 23.5 0.151 -0.007 0 0.988
1438986333.414992282 591.1 -84 23.5 0.151 -0.007 0 0.988
1438986333.445496373 590.8 -83.9 23.5 0.151 -0.007 0 0.988
1438986333.475333038 590.5 -83.9 23.5 0.151 -0.007 0 0.988
1438986333.504851463 590.2 -83.8 23.5 0.151 -0.007 0 0.988
1438986333.535736320 589.9 -83.7 23.5 0.151 -0.007 0 0.988
1438986333.568666010 589.7 -83.6 23.5 0.151 -0.007 0 0.988
1438986333.595747560 589.3 -83.5 23.4 0.151 -0.007 0 0.988
1438986333.628937943 589.1 -83.4 23.4 0.151 -0.007 0 0.988
1438986333.655254354 588.8 -83.3 23.4 0.151 -0.007 0 0.988
1438986333.688298909 588.5 -83.2 23.4 0.151 -0.007 0 0.988
1438986333.715869607 588.2 -83.1 23.4 0.151 -0.007 0 0.988
1438986333.746022432 588 -83.1 23.4 0.151 -0.007 0 0.988
1438986333.775167550 587.7 -83 23.4 0.151 -0.007 0 0.988
1438986333.805908166 587.4 -82.9 23.4 0.151 -0.007 0 0.988
1438986333.835805687 587.1 -82.8 23.4 0.151 -0.007 0 0.988
1438986333.865778970 586.8 -82.7 23.4 0.151 -0.007 0 0.988
1438986333.895446522 586.5 -82.6 23.3 0.151 -0.007 0 0.988
1438986333.925934286 586.2 -82.5 23.3 0.151 -0.007 0 0.988
1438986333.955015551 585.9 -82.4 23.3 0.151 -0.007 0 0.988
1438986333.985841043 585.7 -82.3 23.3 0.151 -0.007 0 0.988
1438986334.015901323 585.3 -82.3 23.3 0.151 -0.007 0 0.988
1438986334.048573288 585.1 -82.2 23.3 0.151 -0.007 0 0.988
1438986334.075101123 584.8 -82.1 23.3 0.151 -0.007 0 0.988
1438986334.108904495 584.5 -82 23.3 0.151 -0.007 0 0.988
1438986334.134877707 584.2 -81.9 23.3 0.151 -0.007 0 0.988
1438986334.168267604 583.9 -81.8 23.3 0.151 -0.007 0 0.988
1438986334.195465854 583.6 -81.7 23.3 0.151 -0.007 0 0.988
1438986334.228394240 583.3 -81.6 23.3 0.151 -0.007 0 0.988
1438986334.258676223 583 -81.5 23.3 0.151 -0.007 0 0.988
1438986334.288973609 582.8 -81.4 23.2 0.151 -0.007 0 0.988
1438986334.316025762 582.5 -81.4 23.2 0.151 -0.007 0 0.988
1438986334.349046011 582.2 -81.3 23.2 0.151 -0.007 0 0.988
1438986334.375075088 581.9 -81.2 23.2 0.151 -0.007 0 0.988
