5
556.145 -84.2928 9.06278 0.952379 -0.024638 -0.00114793 0.303916
546.743 -98.1266 8.85203 0.960592 -0.0237556 -0.00242434 0.276935
320
1439063893.908352134 0.007513 0.002174
1439063893.908856299 0.005788 -0.017771
1439063893.918516016 -0.00243 -0.005332
1439063893.928368191 0.01718 0.003538
1439063893.938695886 0.0006 0.012262
1439063893.948722337 0.014892 0.002645
1439063893.958394260 0.006209 0.026018
1439063893.968715195 -0.001247 -0.005911
1439063893.978633639 -0.000362 -0.011695
1439063893.988479403 0.008081 0.004524
1439063893.998828951 -0.005866 -0.002868
1439063894.008646065 0.017408 0.005808
1439063894.018652153 -0.015479 -0.016777
1439063894.028363794 0.01141 0.006787
1439063894.038672103 0.009963 0.033385
1439063894.048575798 0.020913 0.003054
1439063894.058422449 0.000771 0.002623
1439063894.068768329 0.010016 -0.00818
1439063894.078657164 0.011895 -0.006083
1439063894.088577491 0.007935 0.00534
1439063894.098406806 0.017816 0.029878
1439063894.108677763 -0.001301 -0.014894
1439063894.118522482 -0.004666 -0.007327
1439063894.128403423 0.014664 0.018557
1439063894.138751374 0.01434 0.004576
1439063894.148699149 0.01327 0.002525
1439063894.158459140 0.001101 0.003381
1439063894.168749650 0.002343 0.00282
1439063894.178613695 0.02249 -0.00185
1439063894.188509669 -0.001282 0.000576
1439063894.198397386 0.016797 0.02534
1439063894.208660105 -0.000769 -0.005176
1439063894.218552139 -0.028013 -0.029526
1439063894.228394725 0.024746 0.007393
1439063894.238789797 0.011841 0.015821
1439063894.248815403 0.273087 -0.00787
1439063894.258675535 1.48126 -0.066545
1439063894.268717724 2.80869 -0.109682
1439063894.278613691 4.10481 -0.147276
1439063894.288811281 5.48913 -0.206436
1439063894.298587298 4.2154 -0.154744
1439063894.308914825 4.60439 -0.050566
1439063894.318567356 4.85528 0.088261
1439063894.328372101 4.40206 0.134372
1439063894.338786604 4.50062 0.214923
1439063894.348537656 4.33351 0.264938
1439063894.358581010 4.54789 0.306416
1439063894.368440998 4.77992 0.333241
1439063894.378571581 4.78635 0.353145
1439063894.388661508 4.61665 0.38859
1439063894.398554411 4.76139 0.401088
1439063894.408835431 4.33536 0.351324
1439063894.418781070 4.32587 0.348357
1439063894.428367685 4.68058 0.355065
1439063894.438679575 4.55522 0.402513
1439063894.448507449 4.46392 0.425122
1439063894.458517019 4.17866 0.470659
1439063894.468586663 4.18141 0.471479
1439063894.478570889 4.55727 0.438883
1439063894.488561284 4.51206 0.419249
1439063894.498341646 4.12397 0.390081
1439063894.508631777 4.13573 0.389396
1439063894.518665133 4.22484 0.378504
1439063894.528574734 4.27512 0.445605
1439063894.538978382 4.25729 0.485742
1439063894.548570383 4.15144 0.48216
1439063894.558385465 4.24356 0.473245
1439063894.568714002 4.28662 0.432451
1439063894.578574132 4.31327 0.455071
1439063894.588463659 4.28886 0.468603
1439063894.598564337 4.15097 0.499003
1439063894.608587204 4.15875 0.541605
1439063894.618526243 4.3018 0.53992
1439063894.628536438 4.01439 0.531484
1439063894.638779899 4.43644 0.534302
1439063894.648577626 4.41784 0.572953
1439063894.658534951 4.38995 0.611928
1439063894.668588340 4.35217 0.632188
1439063894.678795840 4.07337 0.607118
1439063894.688419515 4.03484 0.639645
1439063894.698313393 4.001 0.571769
1439063894.708689420 3.99619 0.57463
1439063894.718477369 4.14749 0.575622
1439063894.728444994 4.08938 0.579802
1439063894.738700621 4.11726 0.621388
1439063894.748764385 4.12568 0.596867
1439063894.758642609 4.36715 0.586602
1439063894.768985457 3.93773 0.579028
1439063894.778651120 3.95696 0.584959
1439063894.788552364 4.23251 0.615418
1439063894.799010978 4.16969 0.60742
1439063894.808615968 4.03149 0.578834
1439063894.818566320 3.85391 0.51845
1439063894.828528517 3.75505 0.494263
1439063894.838666431 4.01793 0.472223
1439063894.848495865 3.97693 0.475469
1439063894.858466938 4.07497 0.4857
1439063894.868327518 4.04412 0.511115
1439063894.878623262 3.93079 0.543955
1439063894.888497029 3.89167 0.567952
1439063894.898473088 3.72202 0.576111
1439063894.908832139 3.91979 0.572265
1439063894.918528395 3.96702 0.610934
1439063894.928465567 3.8522 0.58014
1439063894.938706626 4.13036 0.53718
1439063894.948526452 4.22178 0.548098
1439063894.958386088 3.98181 0.598355
1439063894.968433026 3.95931 0.649626
1439063894.978616500 4.03271 0.636775
1439063894.988462915 4.08912 0.631679
1439063894.998323008 4.15993 0.659613
1439063895.008645143 4.19044 0.672234
1439063895.018768179 3.79472 0.690708
1439063895.028573700 4.14507 0.647984
1439063895.039035058 3.76463 0.6471
1439063895.048743740 4.33139 0.635758
1439063895.058571126 4.1594 0.661709
1439063895.069084537 3.7994 0.683879
1439063895.078877400 3.76722 0.734833
1439063895.088697364 3.89151 0.714735
1439063895.098303255 4.18363 0.702105
1439063895.108644989 4.31148 0.767737
1439063895.118520815 3.68956 0.764696
1439063895.128413979 3.63338 0.733521
1439063895.138974251 3.87758 0.682949
1439063895.148534348 3.78665 0.582811
1439063895.158396457 3.99503 0.597465
1439063895.168768556 4.01841 0.616259
1439063895.178606949 3.94182 0.588263
1439063895.188479763 3.96292 0.663322
1439063895.198752127 3.86494 0.673115
1439063895.208700993 4.38524 0.629076
1439063895.218760510 4.10142 0.666382
1439063895.228425916 3.66049 0.734624
1439063895.238710695 4.03624 0.725983
1439063895.248638093 4.2318 0.701623
1439063895.258431444 4.05402 0.685714
1439063895.268729330 4.1869 0.697532
1439063895.278562781 4.17309 0.729332
1439063895.288456370 4.00778 0.697079
1439063895.298574012 4.22132 0.66782
1439063895.308691270 4.21952 0.656377
1439063895.318451503 4.06876 0.731819
1439063895.328392903 4.28759 0.755045
1439063895.338681264 3.96431 0.765445
1439063895.348581614 3.97853 0.771774
1439063895.358397046 3.99216 0.705829
1439063895.368674285 4.02577 0.625149
1439063895.378621039 3.96613 0.583028
1439063895.388464722 3.94931 0.56872
1439063895.398320783 4.05371 0.562605
1439063895.408637157 4.14267 0.549202
1439063895.418572600 4.08908 0.571648
1439063895.428381142 3.90322 0.583022
1439063895.438695960 3.89827 0.556971
1439063895.448536917 3.9866 0.544957
1439063895.458385901 3.92992 0.550033
1439063895.468734854 3.93574 0.524596
1439063895.478560856 4.26469 0.59219
1439063895.488479444 4.09553 0.627788
1439063895.498346144 3.91041 0.643903
1439063895.508662162 3.89223 0.714018
1439063895.518506088 3.96601 0.728577
1439063895.528382266 3.9633 0.740695
1439063895.538899589 3.97822 0.732797
1439063895.548552787 3.93319 0.698689
1439063895.558414825 4.05637 0.646303
1439063895.568889537 3.87735 0.62112
1439063895.578640348 4.00191 0.673445
1439063895.588435156 4.15147 0.71646
1439063895.598883568 4.11474 0.76008
1439063895.608641926 4.02211 0.787363
1439063895.618583967 3.93413 0.755069
1439063895.628390634 4.041 0.747872
1439063895.638656391 4.08196 0.721463
1439063895.648525287 3.79736 0.689373
1439063895.658528473 3.99091 0.694508
1439063895.668727082 4.00899 0.752371
1439063895.678718345 3.76125 0.806069
1439063895.688753342 3.84081 0.74433
1439063895.698587995 4.09192 0.682653
1439063895.708884832 3.78826 0.61915
1439063895.718745906 4.07359 0.548909
1439063895.728410932 4.10324 0.591307
1439063895.738655596 3.71626 0.601625
1439063895.748592039 4.15213 0.613591
1439063895.758439349 4.12759 0.634963
1439063895.768744617 3.84142 0.604463
1439063895.778639120 4.34123 0.592875
1439063895.788492243 3.8775 0.601588
1439063895.798383317 3.96502 0.600908
1439063895.808705663 4.10732 0.591644
1439063895.818565629 4.06539 0.57176
1439063895.828358987 3.86769 0.611581
1439063895.838748946 4.2575 0.627769
1439063895.848546182 3.92041 0.640358
1439063895.858410396 3.74414 0.600095
1439063895.868749935 4.03793 0.548598
1439063895.878603158 3.81453 0.55898
1439063895.888461370 4.21074 0.568169
1439063895.898325155 4.04057 0.559103
1439063895.908712138 3.8526 0.538362
1439063895.918549141 4.11237 0.549173
1439063895.928377254 3.94045 0.510418
1439063895.938742792 3.70592 0.549984
1439063895.948573236 4.05775 0.548862
1439063895.958467341 3.85616 0.571111
1439063895.968339327 3.78938 0.574944
1439063895.978632148 3.83498 0.595752
1439063895.988501511 4.03775 0.585589
1439063895.998394772 4.12914 0.581555
1439063896.008782277 4.05301 0.64021
1439063896.018699598 3.96294 0.65141
1439063896.028374138 3.87035 0.603482
1439063896.038718030 4.02358 0.633527
1439063896.048581257 4.05395 0.637271
1439063896.058441496 3.80114 0.59862
1439063896.068391555 3.75388 0.550633
1439063896.078586343 3.61426 0.520691
1439063896.088625097 4.1742 0.530135
1439063896.098352748 4.13254 0.49288
1439063896.108697314 3.99008 0.49087
1439063896.118531539 4.08744 0.478571
1439063896.128403313 3.75335 0.477142
1439063896.138736210 4.25266 0.530075
1439063896.148614886 4.1793 0.514701
1439063896.158486971 4.01628 0.493698
1439063896.168383232 4.22239 0.499751
1439063896.178692821 3.89459 0.471061
1439063896.188467048 4.34867 0.424165
1439063896.198857026 4.25508 0.427986
1439063896.208696594 3.91056 0.3929
1439063896.218541589 3.94378 0.355743
1439063896.228435938 3.82028 0.359419
1439063896.238714079 4.00042 0.32018
1439063896.248630576 3.95127 0.348297
1439063896.258446958 3.66941 0.38744
1439063896.268410389 4.01482 0.344525
1439063896.278602702 3.71043 0.371
1439063896.288647789 3.94299 0.394781
1439063896.298768366 3.91945 0.421153
1439063896.308698221 3.71835 0.448171
1439063896.318551222 3.68089 0.484848
1439063896.328611460 3.9332 0.454109
1439063896.339030133 3.88212 0.475828
1439063896.348611344 3.63368 0.417747
1439063896.358456330 3.60043 0.413553
1439063896.368340330 3.95252 0.407875
1439063896.378639524 3.99753 0.397008
1439063896.388552008 3.57247 0.442808
1439063896.398398797 3.4917 0.482029
1439063896.408692272 4.17021 0.451007
1439063896.418601735 3.82844 0.457884
1439063896.428716191 3.96045 0.415137
1439063896.438896313 3.83228 0.404814
1439063896.448880857 3.76643 0.399688
1439063896.458457425 3.61403 0.447535
1439063896.468540482 3.96156 0.471934
1439063896.478666422 3.69075 0.457175
1439063896.488538512 3.76837 0.401709
1439063896.498398831 3.7483 0.376199
1439063896.508724458 4.07045 0.393135
1439063896.518534224 4.19551 0.417099
1439063896.528469282 4.05056 0.413927
1439063896.538791053 3.80474 0.430359
1439063896.549188417 3.90907 0.435859
1439063896.558502690 3.9607 0.472585
1439063896.568330399 4.05057 0.537516
1439063896.578639393 3.91213 0.517999
1439063896.588734219 3.92406 0.500674
1439063896.598375309 3.79682 0.532525
1439063896.608688818 3.82414 0.530943
1439063896.618574702 3.95238 0.574081
1439063896.628712841 3.7815 0.568498
1439063896.638970282 3.6752 0.557106
1439063896.648616031 3.97408 0.558181
1439063896.658442949 3.76938 0.566134
1439063896.668361058 3.3716 0.546669
1439063896.678638388 3.62319 0.486302
1439063896.688646551 3.89978 0.480215
1439063896.698536370 3.63729 0.527916
1439063896.708395759 3.81148 0.525527
1439063896.718579114 3.88767 0.531624
1439063896.728520192 3.60474 0.551195
1439063896.739010990 3.71681 0.536329
1439063896.748914552 3.9852 0.532283
1439063896.758963862 3.88443 0.521347
1439063896.768567942 3.71015 0.480827
1439063896.778705552 3.70931 0.419388
1439063896.788506045 3.73104 0.404918
1439063896.798415192 3.69014 0.415757
1439063896.808677060 3.73617 0.464048
1439063896.818549989 3.57637 0.501505
1439063896.828443855 3.82204 0.495252
1439063896.838787501 3.7099 0.486344
1439063896.848622903 3.65831 0.487427
1439063896.858518097 3.65935 0.480932
1439063896.868890834 3.62914 0.458807
1439063896.878638779 3.64134 0.476989
1439063896.888545890 3.86406 0.493961
1439063896.898407367 3.51416 0.467851
1439063896.908707926 3.82204 0.469401
1439063896.918564292 3.90011 0.524432
1439063896.928524037 3.68353 0.503965
1439063896.938758463 3.55475 0.533588
1439063896.948616627 3.55829 0.511998
1439063896.958443792 3.54011 0.455038
1439063896.968336146 3.53163 0.45813
1439063896.978680038 3.80258 0.418188
1439063896.988533154 3.41813 0.421838
1439063896.998366417 3.53233 0.414084
1439063897.008709546 3.67561 0.409642
1439063897.018566954 3.5688 0.419124
1439063897.028465347 3.71206 0.459337
1439063897.038706426 3.61031 0.406814
1439063897.048599422 3.34487 0.421458
1439063897.058498189 3.65313 0.397077
1439063897.068401546 3.77571 0.401373
1439063897.078685910 3.81024 0.451071
1439063897.088602909 3.63693 0.463394
107
1439063893.908352129 578 22 19.5 0.613 -0.013 0 -0.79
1439063893.917411867 578 22 19.5 0.613 -0.013 0 -0.79
1439063893.947357250 578 22 19.5 0.613 -0.013 0 -0.79
1439063893.980240279 578 22 19.5 0.613 -0.013 0 -0.79
1439063894.006815989 578 22 19.5 0.613 -0.013 0 -0.79
1439063894.039988731 578 21.9 19.5 0.613 -0.013 0 -0.79
1439063894.067529328 577.9 21.8 19.4 0.613 -0.013 0 -0.79
1439063894.097621147 577.9 21.7 19.5 0.613 -0.013 0 -0.79
1439063894.127191783 577.9 21.5 19.5 0.613 -0.013 0 -0.79
1439063894.160012199 577.8 21.4 19.5 0.613 -0.013 0 -0.79
1439063894.186715151 577.8 21.2 19.5 0.613 -0.013 0 -0.79
1439063894.219810949 577.8 21.1 19.5 0.613 -0.013 0 -0.79
1439063894.253528408 577.7 20.9 19.5 0.613 -0.013 0 -0.79
1439063894.283689492 577.7 20.8 19.5 0.613 -0.013 0 -0.79
1439063894.310031370 577.7 20.6 19.6 0.613 -0.013 0 -0.79
1439063894.342882233 577.6 20.5 19.6 0.613 -0.013 0 -0.79
1439063894.370244405 577.6 20.3 19.6 0.613 -0.013 0 -0.79
1439063894.403826869 577.5 20.2 19.6 0.613 -0.013 0 -0.79
1439063894.429738187 577.5 20.1 19.6 0.613 -0.013 0 -0.79
1439063894.463117136 577.5 19.9 19.6 0.613 -0.013 0 -0.79
1439063894.489944974 577.4 19.8 19.6 0.613 -0.013 0 -0.79
1439063894.523205151 577.4 19.6 19.6 0.613 -0.013 0 -0.79
1439063894.550005710 577.3 19.5 19.6 0.613 -0.013 0 -0.79
1439063894.582827304 577.3 19.3 19.6 0.613 -0.013 0 -0.79
1439063894.609829079 577.3 19.2 19.6 0.613 -0.013 0 -0.79
1439063894.643012643 577.2 19 19.6 0.613 -0.013 0 -0.79
1439063894.673674502 577.2 18.9 19.6 0.613 -0.013 0 -0.79
1439063894.703501276 577.2 18.7 19.6 0.613 -0.013 0 -0.79
1439063894.733109812 577.1 18.6 19.6 0.613 -0.013 0 -0.79
1439063894.763890034 577.1 18.4 19.6 0.613 -0.013 0 -0.79
1439063894.793691216 577.1 18.3 19.7 0.613 -0.013 0 -0.79
1439063894.822809947 577 18.2 19.7 0.613 -0.013 0 -0.79
1439063894.856581841 577 18 19.7 0.613 -0.013 0 -0.79
1439063894.888649307 576.9 17.8 19.7 0.613 -0.013 0 -0.79
1439063894.919033286 576.9 17.7 19.7 0.613 -0.013 0 -0.79
1439063894.948993768 576.9 17.6 19.7 0.613 -0.013 0 -0.79
1439063894.979638689 576.8 17.4 19.7 0.613 -0.013 0 -0.79
1439063895.009331611 576.8 17.3 19.7 0.613 -0.013 0 -0.79
1439063895.039246401 576.7 17.1 19.7 0.613 -0.013 0 -0.79
1439063895.072314661 576.7 17 19.7 0.613 -0.013 0 -0.79
1439063895.099362049 576.7 16.8 19.7 0.613 -0.013 0 -0.79
1439063895.132126919 576.6 16.7 19.7 0.613 -0.013 0 -0.79
1439063895.158860913 576.6 16.5 19.7 0.613 -0.013 0 -0.79
1439063895.191806618 576.6 16.4 19.7 0.613 -0.013 0 -0.79
1439063895.219495518 576.5 16.2 19.7 0.613 -0.013 0 -0.79
1439063895.252521789 576.5 16.1 19.7 0.613 -0.013 0 -0.79
1439063895.279049194 576.5 15.9 19.8 0.613 -0.013 0 -0.79
1439063895.312153940 576.4 15.8 19.8 0.613 -0.013 0 -0.79
1439063895.342044155 576.4 15.6 19.8 0.613 -0.013 0 -0.79
1439063895.371830068 576.3 15.5 19.8 0.613 -0.013 0 -0.79
1439063895.402448605 576.3 15.3 19.8 0.613 -0.013 0 -0.79
1439063895.432202805 576.3 15.2 19.8 0.613 -0.013 0 -0.79
1439063895.461948111 576.2 15 19.8 0.613 -0.013 0 -0.79
1439063895.492662221 576.2 14.9 19.8 0.613 -0.013 0 -0.79
1439063895.522246260 576.2 14.8 19.8 0.613 -0.013 0 -0.79
1439063895.555420276 576.1 14.6 19.8 0.613 -0.013 0 -0.79
1439063895.582223980 576.1 14.5 19.8 0.613 -0.013 0 -0.79
1439063895.615092811 576 14.3 19.8 0.613 -0.013 0 -0.79
1439063895.642651710 576 14.2 19.8 0.613 -0.013 0 -0.79
1439063895.672609730 576 14 19.8 0.613 -0.013 0 -0.79
1439063895.702320379 575.9 13.9 19.8 0.613 -0.013 0 -0.79
1439063895.732554564 575.9 13.8 19.8 0.613 -0.013 0 -0.79
1439063895.762494936 575.9 13.6 19.8 0.613 -0.013 0 -0.79
1439063895.792090602 575.8 13.5 19.9 0.613 -0.013 0 -0.79
1439063895.821978159 575.8 13.3 19.9 0.613 -0.013 0 -0.79
1439063895.854787049 575.8 13.2 19.9 0.613 -0.013 0 -0.79
1439063895.885213889 575.7 13 19.9 0.613 -0.013 0 -0.79
1439063895.918321959 575.7 12.9 19.9 0.613 -0.013 0 -0.79
1439063895.944747731 575.6 12.7 19.9 0.613 -0.013 0 -0.79
1439063895.975642519 575.6 12.6 19.9 0.613 -0.013 0 -0.79
1439063896.005526535 575.6 12.4 19.9 0.613 -0.013 0 -0.79
1439063896.035148025 575.5 12.3 19.9 0.613 -0.013 0 -0.79
1439063896.064850150 575.5 12.1 19.9 0.613 -0.013 0 -0.79
1439063896.094789725 575.5 12 19.9 0.613 -0.013 0 -0.79
1439063896.122363683 575.4 11.8 19.9 0.613 -0.013 0 -0.79
1439063896.155149100 575.4 11.7 19.9 0.613 -0.013 0 -0.79
1439063896.185179470 575.3 11.5 19.9 0.613 -0.013 0 -0.79
1439063896.214802968 575.3 11.4 19.9 0.613 -0.013 0 -0.79
1439063896.242242384 575.3 11.3 19.9 0.613 -0.013 0 -0.79
1439063896.274975520 575.2 11.1 20 0.613 -0.013 0 -0.79
1439063896.305316391 575.2 11 20 0.613 -0.013 0 -0.79
1439063896.338557370 575.2 10.8 20 0.613 -0.013 0 -0.79
1439063896.364941197 575.1 10.7 20 0.613 -0.013 0 -0.79
1439063896.398575271 575.1 10.5 20 0.613 -0.013 0 -0.79
1439063896.425236932 575 10.4 20 0.613 -0.013 0 -0.79
1439063896.455657574 575 10.3 20 0.613 -0.013 0 -0.79
1439063896.484714074 575 10.1 20 0.613 -0.013 0 -0.79
1439063896.515615197 574.9 9.9 20 0.613 -0.013 0 -0.79
1439063896.545424434 574.9 9.8 20 0.613 -0.013 0 -0.79
1439063896.577706812 574.9 9.6 20 0.613 -0.013 0 -0.79
1439063896.608142257 574.8 9.5 20 0.613 -0.013 0 -0.79
1439063896.638672252 574.8 9.4 20 0.613 -0.013 0 -0.79
1439063896.668368345 574.7 9.2 20 0.613 -0.013 0 -0.79
1439063896.701263046 574.7 9.1 20 0.613 -0.013 0 -0.79
1439063896.728090807 574.7 8.9 20 0.613 -0.013 0 -0.79
1439063896.758963295 574.6 8.8 20 0.613 -0.013 0 -0.79
1439063896.787906969 574.6 8.6 20.1 0.613 -0.013 0 -0.79
1439063896.821137773 574.6 8.5 20.1 0.613 -0.013 0 -0.79
1439063896.847876786 574.5 8.3 20.1 0.613 -0.013 0 -0.79
1439063896.880841999 574.5 8.2 20.1 0.613 -0.013 0 -0.79
1439063896.908398311 574.4 8 20.1 0.613 -0.013 0 -0.79
1439063896.941389400 574.4 7.9 20.1 0.613 -0.013 0 -0.79
1439063896.967918371 574.4 7.7 20.1 0.613 -0.013 0 -0.79
1439063897.000873359 574.3 7.6 20.1 0.613 -0.013 0 -0.79
1439063897.028470200 574.3 7.4 20.1 0.613 -0.013 0 -0.79
1439063897.061710513 574.3 7.3 20.1 0.613 -0.013 0 -0.79
1439063897.093841424 574.2 7.1 20.1 0.613 -0.013 0 -0.79
546.757 -98.1378 8.88775 0.960625 -0.023838 -0.00251275 0.276812
538.726 -97.6331 8.12207 0.97596 -0.01579 -0.000602676 0.217377
323
1439063934.549408496 0.007063 -0.013207
1439063934.558526394 -0.003666 -0.015938
1439063934.568366147 0.01284 -0.005684
1439063934.578761568 0.008634 -0.020973
1439063934.588609763 -0.001377 -0.025392
1439063934.598446985 0.006884 -0.018099
1439063934.608326713 0.015919 -0.014232
1439063934.618622771 0.012932 -0.013172
1439063934.628604764 0.00777 0.003489
1439063934.638795714 0.016225 -0.007789
1439063934.648614070 0.016472 -0.029308
1439063934.658514496 0.00282 0.007361
1439063934.668376773 0.004115 -0.015945
1439063934.678684077 0.018775 -0.013171
1439063934.688818250 0.004088 -0.015557
1439063934.698697979 0.029031 -0.01754
1439063934.708336352 0.017963 -0.017945
1439063934.718643110 0.014844 -0.006149
1439063934.728509290 0.016265 -0.02884
1439063934.738694095 0.006771 -0.014759
1439063934.748852989 0.205624 0.021499
1439063934.758837442 0.916979 0.195758
1439063934.768599744 1.53506 0.295126
1439063934.778982925 1.66909 0.346633
1439063934.788571320 1.5705 0.273449
1439063934.798377562 1.51926 0.215673
1439063934.808746312 1.54287 0.19661
1439063934.818725276 1.38798 0.139706
1439063934.828483664 1.4974 0.102389
1439063934.838381213 1.50564 0.061211
1439063934.848695603 1.50199 0.214255
1439063934.858550443 1.50294 0.16831
1439063934.868642101 1.51742 0.120938
1439063934.878718586 1.53464 0.098099
1439063934.888652602 1.56191 0.116086
1439063934.898513150 1.49737 0.075948
1439063934.908386014 1.54038 0.157388
1439063934.918618779 1.52854 0.114728
1439063934.928603187 1.54907 0.109412
1439063934.938441421 1.52338 0.089652
1439063934.948696426 1.47173 0.101809
1439063934.958593435 1.52098 0.109436
1439063934.968342506 1.55017 0.129852
1439063934.979041874 1.48681 0.095638
1439063934.988783297 1.42172 0.072272
1439063934.998451646 1.44474 0.095896
1439063935.009008964 1.43311 0.093695
1439063935.018921192 1.47296 0.082221
1439063935.028511428 1.47625 0.105753
1439063935.038346986 1.53547 0.110783
1439063935.048663458 1.46602 0.080914
1439063935.058605316 1.45717 0.078808
1439063935.068593762 1.4841 0.080803
1439063935.078891197 1.43 0.05016
1439063935.088651630 1.49978 0.143451
1439063935.098415649 1.52812 0.097729
1439063935.108340029 1.47625 0.096671
1439063935.118640021 1.56888 0.123735
1439063935.128582073 1.53843 0.099102
1439063935.138547920 1.5842 0.131833
1439063935.148911676 1.55264 0.097178
1439063935.158748556 1.57559 0.155857
1439063935.168476257 1.58702 0.062579
1439063935.178726781 1.58994 0.129985
1439063935.188563446 1.49839 0.087679
1439063935.198463424 1.57457 0.11146
1439063935.208826818 1.51012 0.064552
1439063935.218683783 1.54422 0.119829
1439063935.228533945 1.54174 0.061643
1439063935.238401087 1.59355 0.136677
1439063935.248706804 1.55813 0.109436
1439063935.258889478 1.54811 0.103002
1439063935.268484746 1.59666 0.11932
1439063935.278840582 1.51773 0.092035
1439063935.288574758 1.54495 0.102381
1439063935.298435666 1.60617 0.128424
1439063935.308428847 1.61162 0.075137
1439063935.318905261 1.64425 0.174012
1439063935.328514184 1.60891 0.11666
1439063935.338357420 1.50986 0.068494
1439063935.348747575 1.52049 0.120641
1439063935.358620996 1.57318 0.13927
1439063935.368534841 1.58101 0.118194
1439063935.378615660 1.59583 0.094915
1439063935.388856773 1.5842 0.128483
1439063935.398448433 1.59188 0.128487
1439063935.408504161 1.59449 0.117197
1439063935.418640308 1.60404 0.121263
1439063935.428513737 1.56727 0.114429
1439063935.438460057 1.52903 0.133637
1439063935.448740854 1.56659 0.102115
1439063935.458554221 1.57357 0.117016
1439063935.468683501 1.56984 0.115067
1439063935.478867061 1.63109 0.071912
1439063935.488633772 1.51738 0.127038
1439063935.498513041 1.5246 0.101111
1439063935.508425904 1.5118 0.049553
1439063935.518645880 1.54791 0.111051
1439063935.528812109 1.59401 0.089438
1439063935.538653023 1.54263 -0.003393
1439063935.549110761 1.66937 0.125104
1439063935.558904685 1.58156 0.018352
1439063935.568494277 1.4868 0.081138
1439063935.578358409 1.67327 0.08981
1439063935.588986816 1.55072 0.054445
1439063935.598799172 1.67577 0.131213
1439063935.608311479 1.6011 0.094581
1439063935.618659982 1.58599 0.207782
1439063935.628621687 1.51283 0.156583
1439063935.638401733 1.58308 0.090174
1439063935.648693270 1.69153 0.207349
1439063935.658606366 1.5938 0.099433
1439063935.668454047 1.59521 0.177495
1439063935.678743078 1.63443 0.109072
1439063935.688628822 1.62484 0.135206
1439063935.698489559 1.61345 0.090746
1439063935.708405038 1.61115 0.139123
1439063935.718645171 1.53531 0.074278
1439063935.728791916 1.62347 0.144228
1439063935.738632443 1.54977 0.106984
1439063935.748997718 1.59626 0.126617
1439063935.758637400 1.5889 0.151417
1439063935.768439667 1.64323 0.188267
1439063935.778633818 1.6247 0.134444
1439063935.788607322 1.50005 0.15486
1439063935.798445107 1.57505 0.136919
1439063935.808384420 1.64953 0.098002
1439063935.818680618 1.60435 0.15075
1439063935.828520098 1.63985 0.125644
1439063935.838450336 1.57976 0.184572
1439063935.848967010 1.6729 0.163656
1439063935.858593646 1.61733 0.144363
1439063935.868480818 1.60699 0.203962
1439063935.879094296 1.64521 0.21733
1439063935.888653549 1.55765 0.167832
1439063935.898553310 1.70455 0.263671
1439063935.908632059 1.59046 0.216673
1439063935.918857369 1.61396 0.249306
1439063935.928578852 1.64176 0.245877
1439063935.938725682 1.58432 0.239266
1439063935.948791420 1.72822 0.287057
1439063935.958634643 1.63172 0.252075
1439063935.968499537 1.67789 0.289972
1439063935.978305950 1.71346 0.265014
1439063935.988700185 1.63189 0.241067
1439063935.998497037 1.75051 0.274619
1439063936.008412287 1.69745 0.204225
1439063936.018754076 1.50857 0.221766
1439063936.028704025 1.70499 0.287713
1439063936.038442259 1.66037 0.172016
1439063936.048864703 1.64573 0.137611
1439063936.058887149 1.82671 0.300207
1439063936.068826645 1.61343 0.131284
1439063936.078338522 1.54236 0.261316
1439063936.088683912 1.55961 0.243125
1439063936.098506670 1.58623 0.121736
1439063936.108503675 1.80751 0.319466
1439063936.118795525 1.60855 0.193305
1439063936.128778600 1.60452 0.152539
1439063936.138682008 1.77761 0.293737
1439063936.148312531 1.55983 0.213402
1439063936.158676545 1.64548 0.146583
1439063936.168850730 1.61035 0.098714
1439063936.178396509 1.86451 0.334161
1439063936.188689596 1.72345 0.177054
1439063936.198614057 1.58439 0.18941
1439063936.208407144 1.70143 0.22858
1439063936.218695260 1.66731 0.241911
1439063936.228906593 1.64904 0.16939
1439063936.238664035 1.6472 0.237741
1439063936.248381572 1.64308 0.212867
1439063936.258685478 1.70261 0.144784
1439063936.268789146 1.37064 0.125633
1439063936.278679493 1.74077 0.297911
1439063936.288667060 1.68643 0.160444
1439063936.298581787 1.63384 0.293671
1439063936.308480955 1.5285 0.258945
1439063936.318394259 1.61088 0.160049
1439063936.328932781 1.3113 0.172178
1439063936.338540061 1.62505 0.262193
1439063936.348370136 1.757 0.152321
1439063936.358686778 1.34799 0.171424
1439063936.368491592 1.67672 0.263304
1439063936.378434070 1.69392 0.151983
1439063936.388754172 1.81238 0.304482
1439063936.398541615 1.63083 0.195955
1439063936.408464187 1.57516 0.130205
1439063936.418793509 1.53785 0.20883
1439063936.428914267 1.64049 0.239992
1439063936.438406626 1.60381 0.174826
1439063936.448389468 1.59899 0.259276
1439063936.458669109 1.56138 0.219576
1439063936.468534963 1.66833 0.166888
1439063936.478540598 1.59762 0.119081
1439063936.488674870 1.78335 0.307518
1439063936.498594004 1.67022 0.191769
1439063936.508460956 1.412 0.18119
1439063936.518761403 1.73171 0.295206
1439063936.528725351 1.69433 0.189652
1439063936.538743724 1.45816 0.230411
1439063936.548471206 1.57591 0.276474
1439063936.558717214 1.70805 0.186131
1439063936.568540165 1.63319 0.138028
1439063936.578444906 1.80899 0.302423
1439063936.588715912 1.6015 0.189226
1439063936.598555880 1.52746 0.207193
1439063936.608408971 1.61605 0.252585
1439063936.618293497 1.6431 0.18253
1439063936.628731354 1.64589 0.170466
1439063936.638477880 1.66455 0.28255
1439063936.648463240 1.61174 0.194889
1439063936.658754852 1.63593 0.244347
1439063936.668571300 1.60266 0.198478
1439063936.678389496 1.5896 0.198193
1439063936.688742113 1.62088 0.209468
1439063936.698572453 1.67319 0.181729
1439063936.708443188 1.62435 0.142962
1439063936.718526627 1.56488 0.126732
1439063936.728832386 1.66774 0.208556
1439063936.738729016 1.60701 0.15253
1439063936.748686423 1.58196 0.095556
1439063936.758983469 1.52973 0.091447
1439063936.768526388 1.70062 0.2494
1439063936.778459822 1.64411 0.14461
1439063936.788842031 1.60119 0.089432
1439063936.798909079 1.58016 0.16357
1439063936.808620721 1.58235 0.141806
1439063936.818607288 1.4811 0.113679
1439063936.828712455 1.63926 0.213684
1439063936.838512610 1.62463 0.132511
1439063936.848397432 1.59158 0.099921
1439063936.858797564 1.66734 0.243031
1439063936.868854401 1.56013 0.135969
1439063936.878414802 1.62382 0.209882
1439063936.888714799 1.57958 0.144054
1439063936.898594086 1.51153 0.181831
1439063936.908465664 1.55369 0.162579
1439063936.918343896 1.57635 0.187059
1439063936.929028177 1.49571 0.163502
1439063936.938710164 1.47484 0.205134
1439063936.948530801 1.49408 0.227148
1439063936.958775792 1.50167 0.171073
1439063936.968823494 1.551 0.256227
1439063936.978512695 1.553 0.212244
1439063936.988332595 1.53562 0.246255
1439063936.998745590 1.51857 0.237675
1439063937.008668214 1.48278 0.227153
1439063937.018569000 1.48433 0.224318
1439063937.028708198 1.49801 0.240417
1439063937.038793597 1.48337 0.201808
1439063937.048565085 1.49411 0.239546
1439063937.058526040 1.46976 0.21416
1439063937.068877046 1.49128 0.236396
1439063937.078523262 1.49973 0.201344
1439063937.088389639 1.51584 0.263351
1439063937.098733603 1.54104 0.249669
1439063937.108540904 1.49898 0.250452
1439063937.118376606 1.46474 0.237058
1439063937.128516611 1.60407 0.355054
1439063937.138585718 1.45782 0.262452
1439063937.148426540 1.49533 0.314443
1439063937.158525767 1.48192 0.296328
1439063937.168616846 1.49857 0.286879
1439063937.178805119 1.42039 0.271964
1439063937.188406369 1.55469 0.342944
1439063937.198659488 1.44755 0.26324
1439063937.208877578 1.5744 0.361162
1439063937.218431294 1.54127 0.276184
1439063937.228456919 1.41297 0.324723
1439063937.238773214 1.55826 0.341619
1439063937.248620712 1.45153 0.318882
1439063937.258565404 1.50261 0.329173
1439063937.268674087 1.51289 0.322289
1439063937.278488455 1.40844 0.298326
1439063937.288468750 1.53312 0.348917
1439063937.299036025 1.3526 0.243659
1439063937.308589370 1.54137 0.372057
1439063937.318384263 1.48147 0.262126
1439063937.328587989 1.50422 0.323228
1439063937.338905793 1.42378 0.308757
1439063937.348525434 1.37684 0.253785
1439063937.358361720 1.3589 0.291187
1439063937.368961834 1.39154 0.253775
1439063937.378645948 1.30981 0.224123
1439063937.388389805 1.49604 0.259074
1439063937.398723328 1.52316 0.269731
1439063937.408610472 1.46128 0.196438
1439063937.418490561 1.50712 0.281284
1439063937.428344650 1.40344 0.202553
1439063937.438621653 1.48541 0.289507
1439063937.448771723 1.46786 0.232418
1439063937.458386173 1.40561 0.214559
1439063937.468708674 1.61058 0.361887
1439063937.478567871 1.56457 0.222774
1439063937.488538656 1.5474 0.346182
1439063937.498821537 1.55042 0.273957
1439063937.508598745 1.45066 0.230225
1439063937.518495571 1.52441 0.323483
1439063937.528328436 1.50006 0.279632
1439063937.538674926 1.47358 0.280532
1439063937.548734245 1.57322 0.338679
1439063937.558620848 1.423 0.27721
1439063937.569059062 1.51097 0.319216
1439063937.578566297 1.44945 0.296629
1439063937.588455231 1.43291 0.293521
1439063937.598711126 1.49237 0.307764
1439063937.608611382 1.43512 0.250288
1439063937.618450462 1.55115 0.329807
1439063937.629117083 1.44144 0.232787
1439063937.639034328 1.53709 0.340838
1439063937.648523413 1.47916 0.249254
1439063937.658423527 1.43805 0.246996
1439063937.668780455 1.56563 0.323055
1439063937.678841899 1.4987 0.245492
1439063937.688468132 1.58947 0.344656
1439063937.698293864 1.55735 0.291271
1439063937.708946557 1.46256 0.243867
1439063937.718707736 1.49597 0.279473
1439063937.728365337 1.48882 0.269437
1439063937.738692884 1.49292 0.261581
1439063937.748613799 1.4651 0.224192
1439063937.758463354 1.36733 0.240011
1439063937.768387744 1.49457 0.243365
107
1439063934.549407920 654 -11.7 22 0.828 0 -0.014 -0.561
1439063934.581955087 654 -11.7 22 0.828 0 -0.014 -0.561
1439063934.608667865 654 -11.7 22 0.828 0 -0.014 -0.561
1439063934.639555992 654 -11.7 22 0.828 0 -0.014 -0.561
1439063934.669342644 654 -11.7 22 0.828 0 -0.014 -0.561
1439063934.702252465 654 -11.7 22 0.828 0 -0.014 -0.561
1439063934.729723017 654.1 -11.8 22 0.828 0 -0.014 -0.561
1439063934.761821327 654.1 -12 22 0.828 0 -0.014 -0.561
1439063934.788847575 654.2 -12.2 22 0.828 0 -0.014 -0.561
1439063934.821875537 654.3 -12.3 22 0.828 0 -0.014 -0.561
1439063934.849462863 654.3 -12.5 22 0.828 0 -0.014 -0.561
1439063934.882507800 654.4 -12.6 22 0.828 0 -0.014 -0.561
1439063934.909459549 654.4 -12.8 22.1 0.828 0 -0.014 -0.561
1439063934.942219110 654.5 -12.9 22.1 0.828 0 -0.014 -0.561
1439063934.972348533 654.5 -13.1 22.1 0.828 0 -0.014 -0.561
1439063935.002346000 654.6 -13.2 22.1 0.828 0 -0.014 -0.561
1439063935.029447811 654.7 -13.4 22.1 0.828 0 -0.014 -0.561
1439063935.062292026 654.7 -13.5 22.1 0.828 0 -0.014 -0.561
1439063935.089293234 654.8 -13.6 22.1 0.828 0 -0.014 -0.561
1439063935.122012440 654.8 -13.8 22.1 0.828 0 -0.014 -0.561
1439063935.149309218 654.9 -13.9 22.1 0.828 0 -0.014 -0.561
1439063935.182626607 654.9 -14 22.1 0.828 0 -0.014 -0.561
1439063935.209351999 655 -14.2 22.1 0.828 0 -0.014 -0.561
1439063935.242445941 655 -14.3 22.1 0.828 0 -0.014 -0.561
1439063935.272563658 655.1 -14.4 22.1 0.828 0 -0.014 -0.561
1439063935.302491242 655.2 -14.6 22.1 0.828 0 -0.014 -0.561
1439063935.332500363 655.2 -14.7 22.2 0.828 0 -0.014 -0.561
1439063935.362173695 655.3 -14.9 22.2 0.828 0 -0.014 -0.561
1439063935.392565735 655.3 -15 22.2 0.828 0 -0.014 -0.561
1439063935.422407231 655.4 -15.1 22.2 0.828 0 -0.014 -0.561
1439063935.451873655 655.4 -15.3 22.2 0.828 0 -0.014 -0.561
1439063935.482399441 655.5 -15.4 22.2 0.828 0 -0.014 -0.561
1439063935.512017860 655.5 -15.6 22.2 0.828 0 -0.014 -0.561
1439063935.542610612 655.6 -15.7 22.2 0.828 0 -0.014 -0.561
1439063935.571613799 655.7 -15.9 22.2 0.828 0 -0.014 -0.561
1439063935.602129678 655.7 -16 22.2 0.828 0 -0.014 -0.561
1439063935.632040890 655.8 -16.1 22.2 0.828 0 -0.014 -0.561
1439063935.665050715 655.8 -16.3 22.2 0.828 0 -0.014 -0.561
1439063935.692626733 655.9 -16.4 22.2 0.828 0 -0.014 -0.561
1439063935.725935526 655.9 -16.5 22.2 0.828 0 -0.014 -0.561
1439063935.751923697 656 -16.7 22.2 0.828 0 -0.014 -0.561
1439063935.785060029 656.1 -16.8 22.3 0.828 0 -0.014 -0.561
1439063935.812485821 656.1 -17 22.3 0.828 0 -0.014 -0.561
1439063935.845385426 656.2 -17.1 22.3 0.828 0 -0.014 -0.561
1439063935.872708621 656.2 -17.2 22.3 0.828 0 -0.014 -0.561
1439063935.905178910 656.3 -17.4 22.3 0.828 0 -0.014 -0.561
1439063935.932550880 656.3 -17.5 22.3 0.828 0 -0.014 -0.561
1439063935.965240085 656.4 -17.7 22.3 0.828 0 -0.014 -0.561
1439063935.991827590 656.4 -17.8 22.3 0.828 0 -0.014 -0.561
1439063936.022714103 656.5 -17.9 22.3 0.828 0 -0.014 -0.561
1439063936.051965126 656.5 -18.1 22.3 0.828 0 -0.014 -0.561
1439063936.082496114 656.6 -18.2 22.3 0.828 0 -0.014 -0.561
1439063936.112493624 656.7 -18.4 22.3 0.828 0 -0.014 -0.561
1439063936.145572224 656.7 -18.5 22.3 0.828 0 -0.014 -0.561
1439063936.172545565 656.8 -18.6 22.3 0.828 0 -0.014 -0.561
1439063936.205324149 656.8 -18.8 22.3 0.828 0 -0.014 -0.561
1439063936.235500401 656.9 -18.9 22.4 0.828 0 -0.014 -0.561
1439063936.268824283 656.9 -19.1 22.4 0.828 0 -0.014 -0.561
1439063936.300922352 657 -19.3 22.4 0.828 0 -0.014 -0.561
1439063936.334522020 657.1 -19.4 22.4 0.828 0 -0.014 -0.561
1439063936.361601388 657.1 -19.5 22.4 0.828 0 -0.014 -0.561
1439063936.394370897 657.2 -19.7 22.4 0.828 0 -0.014 -0.561
1439063936.421553068 657.2 -19.8 22.4 0.828 0 -0.014 -0.561
1439063936.453821977 657.3 -19.9 22.4 0.828 0 -0.014 -0.561
1439063936.481835242 657.3 -20.1 22.4 0.828 0 -0.014 -0.561
1439063936.513751409 657.4 -20.2 22.4 0.828 0 -0.014 -0.561
1439063936.540814106 657.5 -20.4 22.4 0.828 0 -0.014 -0.561
1439063936.574629084 657.5 -20.5 22.4 0.828 0 -0.014 -0.561
1439063936.604124660 657.6 -20.6 22.4 0.828 0 -0.014 -0.561
1439063936.634000641 657.6 -20.8 22.4 0.828 0 -0.014 -0.561
1439063936.664098087 657.7 -20.9 22.5 0.828 0 -0.014 -0.561
1439063936.697110735 657.7 -21 22.5 0.828 0 -0.014 -0.561
1439063936.724052043 657.8 -21.2 22.5 0.828 0 -0.014 -0.561
1439063936.756874356 657.8 -21.3 22.5 0.828 0 -0.014 -0.561
1439063936.784444756 657.9 -21.5 22.5 0.828 0 -0.014 -0.561
1439063936.817858718 658 -21.6 22.5 0.828 0 -0.014 -0.561
1439063936.847430090 658 -21.8 22.5 0.828 0 -0.014 -0.561
1439063936.877385503 658.1 -21.9 22.5 0.828 0 -0.014 -0.561
1439063936.906960386 658.1 -22.1 22.5 0.828 0 -0.014 -0.561
1439063936.940084323 658.2 -22.2 22.5 0.828 0 -0.014 -0.561
1439063936.967312433 658.2 -22.3 22.5 0.828 0 -0.014 -0.561
1439063936.997219801 658.3 -22.5 22.5 0.828 0 -0.014 -0.561
1439063937.027546644 658.3 -22.6 22.5 0.828 0 -0.014 -0.561
1439063937.060390488 658.4 -22.7 22.5 0.828 0 -0.014 -0.561
1439063937.090075759 658.5 -22.9 22.5 0.828 0 -0.014 -0.561
1439063937.119746323 658.5 -23 22.6 0.828 0 -0.014 -0.561
1439063937.147377310 658.6 -23.2 22.6 0.828 0 -0.014 -0.561
1439063937.180046639 658.6 -23.3 22.6 0.828 0 -0.014 -0.561
1439063937.206909486 658.7 -23.5 22.6 0.828 0 -0.014 -0.561
1439063937.239997585 658.7 -23.6 22.6 0.828 0 -0.014 -0.561
1439063937.270332433 658.8 -23.7 22.6 0.828 0 -0.014 -0.561
1439063937.300213149 658.8 -23.9 22.6 0.828 0 -0.014 -0.561
1439063937.330166947 658.9 -24 22.6 0.828 0 -0.014 -0.561
1439063937.359930678 659 -24.1 22.6 0.828 0 -0.014 -0.561
1439063937.386988192 659 -24.3 22.6 0.828 0 -0.014 -0.561
1439063937.420065849 659.1 -24.4 22.6 0.828 0 -0.014 -0.561
1439063937.447718174 659.1 -24.5 22.6 0.828 0 -0.014 -0.561
1439063937.479830134 659.2 -24.7 22.6 0.828 0 -0.014 -0.561
1439063937.507606277 659.2 -24.8 22.6 0.828 0 -0.014 -0.561
1439063937.540910759 659.3 -25 22.7 0.828 0 -0.014 -0.561
1439063937.567726002 659.4 -25.1 22.7 0.828 0 -0.014 -0.561
1439063937.597488276 659.4 -25.3 22.7 0.828 0 -0.014 -0.561
1439063937.627063833 659.5 -25.4 22.7 0.828 0 -0.014 -0.561
1439063937.660504736 659.5 -25.5 22.7 0.828 0 -0.014 -0.561
1439063937.690204110 659.6 -25.7 22.7 0.828 0 -0.014 -0.561
1439063937.720733702 659.6 -25.8 22.7 0.828 0 -0.014 -0.561
1439063937.750634067 659.7 -26 22.7 0.828 0 -0.014 -0.561
538.75 -97.6453 8.13746 0.975951 -0.0158742 -0.000701236 0.217408
547.528 -106.642 9.06744 0.960814 -0.0265283 -0.00201263 0.275914
321
1439063975.841668700 -0.014496 -0.012356
1439063975.848773296 -0.008331 -0.022498
1439063975.858819147 0.014422 0.003397
1439063975.868757410 0.002225 -0.003324
1439063975.879020655 -0.009774 0.001959
1439063975.888816633 0.021552 -0.013257
1439063975.898478573 0.007016 -0.005368
1439063975.908337450 -0.004616 2.6e-05
1439063975.918857328 0.011978 0.003921
1439063975.928550671 -0.021507 -0.010121
1439063975.938393654 0.008161 0.009369
1439063975.948657843 0.006297 0.004077
1439063975.958540316 0.015597 0.007872
1439063975.968388650 0.008007 -0.001952
1439063975.978748225 0.015403 -0.002897
1439063975.988614997 0.01812 -0.005962
1439063975.998480119 0.0119 -0.003657
1439063976.008755648 0.008593 -0.003933
1439063976.018603001 0.015107 0.007544
1439063976.028488063 -0.005282 0.021263
1439063976.038502228 0.004695 0.001602
1439063976.048959850 -0.008921 0.002724
1439063976.058553767 0.005741 0.003351
1439063976.068452708 0.013307 -0.001183
1439063976.078769570 0.005586 -0.00755
1439063976.088657002 -0.007944 -0.002779
1439063976.098477870 0.017471 -0.013845
1439063976.108333490 0.001631 0.001614
1439063976.118627866 0.002016 -0.006637
1439063976.128604221 0.002669 -0.019994
1439063976.138472853 -7.1e-05 0.009651
1439063976.148667332 -0.007817 -0.004123
1439063976.158596734 0.000341 -0.007156
1439063976.168402797 0.003712 -0.001502
1439063976.178756087 0.002233 0.003761
1439063976.188617397 0.017521 0.005391
1439063976.198694694 0.001794 0.010231
1439063976.208437745 0.015933 -0.018052
1439063976.218619547 -0.008904 0.003462
1439063976.228496061 0.00033 0.004038
1439063976.238339793 0.010938 0.003515
1439063976.248653616 0.000931 -0.010263
1439063976.258564216 -0.010208 0.018314
1439063976.268688190 0.010821 -0.004744
1439063976.278731292 0.015932 -0.005826
1439063976.288622916 0.00615 0.003265
1439063976.298462934 -0.004555 0.001207
1439063976.308324355 -0.006836 0.000555
1439063976.318712868 0.012471 -0.003847
1439063976.328699809 -0.017821 0.009523
1439063976.338352989 0.004936 -0.006598
1439063976.348706740 0.004841 0.006804
1439063976.358538856 0.004777 0.008884
1439063976.368423564 -0.006758 -0.000604
1439063976.378763490 0.012882 -0.009555
1439063976.388570864 0.00454 -0.007529
1439063976.398706116 -0.013815 -0.00399
1439063976.408794897 0.007806 -0.00808
1439063976.418619527 0.00185 0.011236
1439063976.428543446 0.005969 0.000983
1439063976.438341011 -0.00096 -0.019711
1439063976.448675346 0.006024 -0.001107
1439063976.458626647 0.001413 0.009167
1439063976.468417063 0.348716 -0.024421
1439063976.478741764 1.91056 -0.078599
1439063976.488580010 1.89329 -0.14787
1439063976.498472909 1.78623 -0.194216
1439063976.508808569 2.12583 -0.195457
1439063976.518625085 2.01244 -0.27554
1439063976.528635348 1.9577 -0.339161
1439063976.538503476 1.96492 -0.428287
1439063976.548885007 1.78997 -0.516919
1439063976.558763958 2.0326 -0.550289
1439063976.568366950 2.11917 -0.578338
1439063976.578666654 2.12611 -0.637435
1439063976.588605193 2.17326 -0.669612
1439063976.598447816 2.22619 -0.729573
1439063976.608725956 1.99073 -0.782726
1439063976.618784482 1.99617 -0.831824
1439063976.628622802 2.10558 -0.904137
1439063976.638578670 2.10167 -0.972858
1439063976.648930226 2.04412 -1.02113
1439063976.658796677 2.03771 -1.07673
1439063976.668679426 2.02497 -1.12162
1439063976.678685358 2.01419 -1.16346
1439063976.688566962 1.98497 -1.2052
1439063976.698431386 2.09642 -1.24929
1439063976.708761891 2.04306 -1.27479
1439063976.718610838 2.10616 -1.33062
1439063976.728488316 2.12035 -1.37117
1439063976.738362545 1.98255 -1.40312
1439063976.748912854 2.06914 -1.47996
1439063976.758715494 1.93403 -1.47909
1439063976.768577476 2.1356 -1.49149
1439063976.779162713 2.1418 -1.54624
1439063976.788587168 2.18621 -1.54525
1439063976.798435455 2.04913 -1.602
1439063976.808722095 2.16291 -1.62549
1439063976.818642204 2.18307 -1.6344
1439063976.828466251 2.19742 -1.6472
1439063976.838401546 2.18364 -1.6648
1439063976.848641282 2.0986 -1.6703
1439063976.858778889 1.91159 -1.69464
1439063976.868392046 2.04877 -1.60483
1439063976.878693672 2.01096 -1.43405
1439063976.888543320 2.02391 -1.43598
1439063976.898589032 1.83541 -1.4676
1439063976.908764915 1.87791 -1.48897
1439063976.918580259 1.86764 -1.44342
1439063976.928465661 2.0961 -1.47658
1439063976.938347957 1.95546 -1.46342
1439063976.948644748 1.89315 -1.4731
1439063976.958546505 1.85588 -1.50611
1439063976.968423412 2.06583 -1.50795
1439063976.978774712 2.14075 -1.56268
1439063976.988663633 2.02076 -1.58689
1439063976.998384811 1.95193 -1.59563
1439063977.008379990 1.82503 -1.61473
1439063977.018574827 1.97436 -1.62478
1439063977.028494860 1.94591 -1.41641
1439063977.038412084 2.07592 -1.2604
1439063977.048620691 2.05483 -1.34359
1439063977.058530162 1.97649 -1.3704
1439063977.068646582 1.90496 -1.4145
1439063977.078973428 1.90867 -1.4351
1439063977.088554498 2.13165 -1.52279
1439063977.098402528 1.93651 -1.55328
1439063977.108428336 2.04635 -1.56277
1439063977.118730666 1.87048 -1.59043
1439063977.128532179 1.87554 -1.58649
1439063977.138287280 1.96821 -1.61167
1439063977.148636589 1.9445 -1.61584
1439063977.158749081 2.00516 -1.56862
1439063977.168341147 1.9321 -1.49001
1439063977.178688829 1.96651 -1.37464
1439063977.188625080 2.08846 -1.41587
1439063977.198442450 2.02382 -1.44051
1439063977.208648939 1.88456 -1.42693
1439063977.218698876 1.97335 -1.46325
1439063977.228470060 1.8928 -1.46414
1439063977.238330857 1.87987 -1.45545
1439063977.248610898 1.8772 -1.49791
1439063977.258777251 1.89223 -1.50147
1439063977.268385530 1.79885 -1.47172
1439063977.278738878 1.99978 -1.46918
1439063977.288478285 1.95538 -1.48676
1439063977.298466541 1.82351 -1.28551
1439063977.308707711 2.04959 -1.342
1439063977.318539833 1.98479 -1.39625
1439063977.328399611 2.00944 -1.46186
1439063977.338386727 2.04089 -1.50255
1439063977.348878314 1.99141 -1.53306
1439063977.358479594 1.96283 -1.51237
1439063977.368358314 2.05074 -1.48336
1439063977.378754727 1.91534 -1.49366
1439063977.388535757 1.94664 -1.52749
1439063977.398444674 1.90748 -1.55527
1439063977.408675070 1.94479 -1.53088
1439063977.418544658 1.72242 -1.25665
1439063977.428685141 1.88297 -1.30821
1439063977.438518230 1.90602 -1.35492
1439063977.448888045 1.85023 -1.40461
1439063977.458957020 1.89272 -1.44009
1439063977.468675219 1.7771 -1.47964
1439063977.478656189 1.75906 -1.47663
1439063977.488487420 1.84549 -1.50093
1439063977.498364098 1.80942 -1.55504
1439063977.508685309 1.82543 -1.57301
1439063977.518583626 1.89936 -1.59362
1439063977.528445577 1.89869 -1.56992
1439063977.538736668 1.98719 -1.57771
1439063977.548584288 1.87287 -1.60374
1439063977.558519745 1.93226 -1.62153
1439063977.568506067 1.75842 -1.64022
1439063977.578901245 1.83398 -1.63555
1439063977.588833024 1.95277 -1.63219
1439063977.598337876 1.91201 -1.62601
1439063977.608727683 1.8348 -1.61102
1439063977.618658796 1.85949 -1.61475
1439063977.628438860 1.816 -1.43417
1439063977.638675029 1.84697 -1.37369
1439063977.648603544 1.83355 -1.43099
1439063977.658525820 1.73736 -1.44732
1439063977.668339337 1.75917 -1.46292
1439063977.678820383 1.76268 -1.47132
1439063977.688526084 1.87541 -1.41698
1439063977.698336776 1.84282 -1.39909
1439063977.708697302 1.88013 -1.40587
1439063977.718660376 1.86707 -1.44447
1439063977.728372920 1.86561 -1.45503
1439063977.738691063 1.81724 -1.4195
1439063977.748603408 1.71191 -1.39217
1439063977.758423018 1.7095 -1.28242
1439063977.768350519 1.68671 -1.31398
1439063977.778674941 1.69702 -1.33379
1439063977.789001762 1.78262 -1.39828
1439063977.798615138 1.81416 -1.43375
1439063977.808926664 1.81224 -1.46968
1439063977.818609983 1.72227 -1.52863
1439063977.828451519 1.80688 -1.53242
1439063977.838852242 1.83922 -1.52104
1439063977.848690159 1.9143 -1.555
1439063977.858498230 1.92585 -1.52895
1439063977.868442468 1.95063 -1.54878
1439063977.878697274 1.91658 -1.58244
1439063977.888490769 1.90322 -1.56489
1439063977.898389275 2.05663 -1.60947
1439063977.908697837 1.94362 -1.66888
1439063977.918519654 1.7699 -1.66393
1439063977.928380848 1.85374 -1.69487
1439063977.938727515 1.90039 -1.69537
1439063977.948594225 1.59977 -1.28494
1439063977.958566479 1.92776 -1.3573
1439063977.968727203 1.84547 -1.4222
1439063977.978808251 1.73694 -1.4451
1439063977.988774254 1.80861 -1.53548
1439063977.998368681 1.80451 -1.54729
1439063978.008726451 1.98337 -1.56621
1439063978.018605442 2.02686 -1.62797
1439063978.028450065 1.8234 -1.65398
1439063978.038736871 2.02449 -1.67855
1439063978.048773848 1.91309 -1.70802
1439063978.058483366 1.85762 -1.70517
1439063978.068805584 1.88753 -1.57062
1439063978.078917282 1.95773 -1.47337
1439063978.088491079 2.04272 -1.46848
1439063978.098400023 2.07807 -1.51355
1439063978.108951142 2.03622 -1.57895
1439063978.118518795 1.84843 -1.58362
1439063978.128649085 1.83648 -1.62793
1439063978.138727253 1.95357 -1.63209
1439063978.148609932 2.06082 -1.62482
1439063978.158504001 2.05728 -1.67039
1439063978.168353061 1.93002 -1.66978
1439063978.178570828 2.02767 -1.68391
1439063978.188628930 1.87993 -1.66785
1439063978.198643214 1.8234 -1.65327
1439063978.208883640 1.87311 -1.63022
1439063978.218762655 2.01576 -1.6319
1439063978.228410759 1.89621 -1.64827
1439063978.238918767 1.9013 -1.59518
1439063978.248707276 1.83603 -1.48532
1439063978.258559862 1.82005 -1.37119
1439063978.268778603 1.95784 -1.39943
1439063978.278738050 1.77244 -1.42213
1439063978.288475218 1.89787 -1.44813
1439063978.298489972 2.04409 -1.48101
1439063978.308676176 2.00954 -1.53272
1439063978.318543798 2.10677 -1.54788
1439063978.328435869 1.89578 -1.58809
1439063978.338714815 1.91599 -1.52623
1439063978.348558268 2.03264 -1.51913
1439063978.358427611 1.89871 -1.58757
1439063978.368777036 2.03272 -1.54665
1439063978.378666814 2.01301 -1.55885
1439063978.388868533 1.93477 -1.54615
1439063978.398600493 1.87444 -1.52011
1439063978.408998874 1.74828 -1.28417
1439063978.418645347 1.75257 -1.17553
1439063978.428415827 1.75856 -1.24794
1439063978.438766494 1.86812 -1.26265
1439063978.448887538 1.90987 -1.3194
1439063978.459006835 1.83339 -1.35386
1439063978.468346193 1.83839 -1.36403
1439063978.478974516 1.69513 -1.41138
1439063978.488698253 1.71404 -1.42295
1439063978.498365229 1.7107 -1.45532
1439063978.509049165 1.78359 -1.46609
1439063978.518576424 1.7596 -1.47619
1439063978.528422806 1.62957 -1.4929
1439063978.538739082 1.74461 -1.46555
1439063978.548614325 1.78087 -1.47003
1439063978.558427414 1.74599 -1.44983
1439063978.568365036 1.86922 -1.33396
1439063978.578631249 1.83762 -1.38379
1439063978.588756477 1.75073 -1.39535
1439063978.598597655 1.64931 -1.4247
1439063978.608729206 1.7308 -1.35667
1439063978.618539651 1.78658 -1.17941
1439063978.628441464 1.77756 -1.27243
1439063978.638715980 1.72094 -1.29901
1439063978.648586109 1.7503 -1.34796
1439063978.658553160 1.7057 -1.3717
1439063978.668407619 1.85148 -1.40268
1439063978.678677283 1.74919 -1.45477
1439063978.688719931 1.70381 -1.48896
1439063978.698594021 1.60621 -1.52826
1439063978.708701841 1.65345 -1.27486
1439063978.718541407 1.8004 -1.26353
1439063978.728408509 1.6324 -1.32121
1439063978.738732365 1.51259 -1.357
1439063978.748612395 1.58965 -1.39478
1439063978.758523718 1.65784 -1.4076
1439063978.768362034 1.60584 -1.42086
1439063978.778696384 1.64806 -1.46004
1439063978.788556828 1.39569 -1.45188
1439063978.798384501 1.56387 -1.47252
1439063978.809000534 1.61842 -1.39631
1439063978.818801725 1.57097 -1.16982
1439063978.828430011 1.67402 -1.19065
1439063978.838331764 1.55554 -1.17587
1439063978.848652979 1.46234 -1.22845
1439063978.858477957 1.50345 -1.2331
1439063978.868388306 1.50606 -1.2793
1439063978.878684919 1.56913 -1.29696
1439063978.888566543 1.75806 -1.26925
1439063978.898400318 1.77984 -1.32179
1439063978.909011900 1.68847 -1.32866
1439063978.918921110 1.60005 -1.36395
1439063978.928425682 1.614 -1.41796
1439063978.938278490 1.78953 -1.41972
1439063978.948626795 1.67715 -1.46499
1439063978.958540155 1.66831 -1.47858
1439063978.968608459 1.64073 -1.47854
1439063978.978676727 1.57053 -1.52372
1439063978.988517286 1.75557 -1.52702
1439063978.998391331 1.56505 -1.55556
1439063979.008280004 1.53888 -1.59436
1439063979.018618601 1.81996 -1.59631
1439063979.028487271 1.60982 -1.60927
1439063979.038302651 1.63518 -1.60758
106
1439063975.841668718 503.5 30.5 18.9 0.573 -0.008 0 -0.82
1439063975.871789706 503.5 30.5 18.9 0.573 -0.008 0 -0.82
1439063975.903971631 503.5 30.5 18.9 0.573 -0.008 0 -0.82
1439063975.930520373 503.5 30.5 18.9 0.573 -0.008 0 -0.82
1439063975.964359295 503.5 30.5 18.9 0.573 -0.008 0 -0.82
1439063975.990882491 503.4 30.4 18.9 0.573 -0.008 0 -0.82
1439063976.023796646 503.4 30.2 18.9 0.573 -0.008 0 -0.82
1439063976.050591695 503.3 30.1 18.9 0.573 -0.008 0 -0.82
1439063976.083665079 503.3 29.9 18.9 0.573 -0.008 0 -0.82
1439063976.111282994 503.2 29.8 18.9 0.573 -0.008 0 -0.82
1439063976.141424986 503.2 29.7 18.9 0.573 -0.008 0 -0.82
1439063976.171106953 503.1 29.5 18.9 0.573 -0.008 0 -0.82
1439063976.201048106 503.1 29.4 18.9 0.573 -0.008 0 -0.82
1439063976.230729939 503 29.2 18.9 0.573 -0.008 0 -0.82
1439063976.264443141 503 29.1 18.9 0.573 -0.008 0 -0.82
1439063976.291143477 502.9 28.9 18.9 0.573 -0.008 0 -0.82
1439063976.324533745 502.9 28.8 19 0.573 -0.008 0 -0.82
1439063976.354172982 502.8 28.6 19 0.573 -0.008 0 -0.82
1439063976.383988452 502.8 28.5 19 0.573 -0.008 0 -0.82
1439063976.413912441 502.7 28.3 19 0.573 -0.008 0 -0.82
1439063976.446577493 502.7 28.2 19 0.573 -0.008 0 -0.82
1439063976.474334297 502.6 28 19 0.573 -0.008 0 -0.82
1439063976.507344213 502.6 27.9 19 0.573 -0.008 0 -0.82
1439063976.537707002 502.5 27.8 19 0.573 -0.008 0 -0.82
1439063976.567097485 502.4 27.6 19 0.573 -0.008 0 -0.82
1439063976.596861740 502.4 27.5 19 0.573 -0.008 0 -0.82
1439063976.626977519 502.3 27.4 19 0.573 -0.008 0 -0.82
1439063976.657707245 502.3 27.2 19 0.573 -0.008 0 -0.82
1439063976.686694089 502.2 27.1 19 0.573 -0.008 0 -0.82
1439063976.717243707 502.2 26.9 19 0.573 -0.008 0 -0.82
1439063976.747364165 502.1 26.8 19 0.573 -0.008 0 -0.82
1439063976.776804960 502.1 26.6 19 0.573 -0.008 0 -0.82
1439063976.807493153 502 26.5 19 0.573 -0.008 0 -0.82
1439063976.834336137 502 26.4 19 0.573 -0.008 0 -0.82
1439063976.866718237 501.9 26.2 19 0.573 -0.008 0 -0.82
1439063976.894162883 501.9 26.1 19 0.573 -0.008 0 -0.82
1439063976.927129731 501.8 25.9 19 0.573 -0.008 0 -0.82
1439063976.956814352 501.8 25.8 19 0.573 -0.008 0 -0.82
1439063976.986526516 501.7 25.7 19 0.573 -0.008 0 -0.82
1439063977.014042907 501.7 25.5 19.1 0.573 -0.008 0 -0.82
1439063977.046980533 501.6 25.4 19.1 0.573 -0.008 0 -0.82
1439063977.074302355 501.6 25.2 19.1 0.573 -0.008 0 -0.82
1439063977.107340035 501.5 25.1 19.1 0.573 -0.008 0 -0.82
1439063977.137087733 501.5 25 19.1 0.573 -0.008 0 -0.82
1439063977.167064575 501.4 24.8 19.1 0.573 -0.008 0 -0.82
1439063977.196899951 501.4 24.7 19.1 0.573 -0.008 0 -0.82
1439063977.230183062 501.3 24.5 19.1 0.573 -0.008 0 -0.82
1439063977.257081789 501.3 24.4 19.1 0.573 -0.008 0 -0.82
1439063977.289865125 501.2 24.3 19.1 0.573 -0.008 0 -0.82
1439063977.317451748 501.2 24.1 19.1 0.573 -0.008 0 -0.82
1439063977.347792891 501.1 24 19.1 0.573 -0.008 0 -0.82
1439063977.376629270 501.1 23.8 19.1 0.573 -0.008 0 -0.82
1439063977.409631148 501 23.7 19.1 0.573 -0.008 0 -0.82
1439063977.437710394 501 23.5 19.1 0.573 -0.008 0 -0.82
1439063977.470327241 500.9 23.4 19.1 0.573 -0.008 0 -0.82
1439063977.496648238 500.8 23.2 19.1 0.573 -0.008 0 -0.82
1439063977.529487972 500.8 23.1 19.1 0.573 -0.008 0 -0.82
1439063977.560663001 500.7 23 19.1 0.573 -0.008 0 -0.82
1439063977.590425077 500.7 22.8 19.1 0.573 -0.008 0 -0.82
1439063977.620355022 500.6 22.7 19.1 0.573 -0.008 0 -0.82
1439063977.650192761 500.6 22.6 19.1 0.573 -0.008 0 -0.82
1439063977.680317345 500.5 22.4 19.1 0.573 -0.008 0 -0.82
1439063977.709835687 500.5 22.3 19.2 0.573 -0.008 0 -0.82
1439063977.739789392 500.4 22.1 19.2 0.573 -0.008 0 -0.82
1439063977.769537443 500.4 22 19.2 0.573 -0.008 0 -0.82
1439063977.800295987 500.3 21.8 19.2 0.573 -0.008 0 -0.82
1439063977.830293489 500.3 21.7 19.2 0.573 -0.008 0 -0.82
1439063977.860446445 500.2 21.5 19.2 0.573 -0.008 0 -0.82
1439063977.890326336 500.2 21.4 19.2 0.573 -0.008 0 -0.82
1439063977.920001588 500.1 21.3 19.2 0.573 -0.008 0 -0.82
1439063977.950459760 500.1 21.1 19.2 0.573 -0.008 0 -0.82
1439063977.979871585 500 21 19.2 0.573 -0.008 0 -0.82
1439063978.009811245 500 20.9 19.2 0.573 -0.008 0 -0.82
1439063978.039627193 499.9 20.7 19.2 0.573 -0.008 0 -0.82
1439063978.069634642 499.9 20.6 19.2 0.573 -0.008 0 -0.82
1439063978.099480709 499.8 20.4 19.2 0.573 -0.008 0 -0.82
1439063978.132950453 499.8 20.3 19.2 0.573 -0.008 0 -0.82
1439063978.159441681 499.7 20.1 19.2 0.573 -0.008 0 -0.82
1439063978.193200399 499.7 20 19.2 0.573 -0.008 0 -0.82
1439063978.222693979 499.6 19.9 19.2 0.573 -0.008 0 -0.82
1439063978.252749798 499.6 19.7 19.2 0.573 -0.008 0 -0.82
1439063978.283463810 499.5 19.6 19.2 0.573 -0.008 0 -0.82
1439063978.312485700 499.4 19.4 19.2 0.573 -0.008 0 -0.82
1439063978.343202255 499.4 19.3 19.2 0.573 -0.008 0 -0.82
1439063978.373082207 499.4 19.2 19.2 0.573 -0.008 0 -0.82
1439063978.403765006 499.3 19 19.2 0.573 -0.008 0 -0.82
1439063978.433550564 499.3 18.9 19.3 0.573 -0.008 0 -0.82
1439063978.462641987 499.2 18.7 19.3 0.573 -0.008 0 -0.82
1439063978.496286465 499.2 18.6 19.3 0.573 -0.008 0 -0.82
1439063978.522693544 499.1 18.4 19.3 0.573 -0.008 0 -0.82
1439063978.556439310 499 18.3 19.3 0.573 -0.008 0 -0.82
1439063978.583169458 499 18.2 19.3 0.573 -0.008 0 -0.82
1439063978.616411523 498.9 18 19.3 0.573 -0.008 0 -0.82
1439063978.642745856 498.9 17.9 19.3 0.573 -0.008 0 -0.82
1439063978.676521128 498.8 17.7 19.3 0.573 -0.008 0 -0.82
1439063978.703473624 498.8 17.6 19.3 0.573 -0.008 0 -0.82
1439063978.736450946 498.7 17.4 19.3 0.573 -0.008 0 -0.82
1439063978.763239257 498.7 17.3 19.3 0.573 -0.008 0 -0.82
1439063978.796326854 498.6 17.2 19.3 0.573 -0.008 0 -0.82
1439063978.823264239 498.6 17 19.3 0.573 -0.008 0 -0.82
1439063978.853023227 498.5 16.9 19.3 0.573 -0.008 0 -0.82
1439063978.882492287 498.5 16.8 19.3 0.573 -0.008 0 -0.82
1439063978.913649735 498.4 16.6 19.3 0.573 -0.008 0 -0.82
1439063978.942696598 498.4 16.5 19.3 0.573 -0.008 0 -0.82
1439063978.978911272 498.3 16.3 19.3 0.573 -0.008 0 -0.82
1439063979.006486549 498.3 16.2 19.3 0.573 -0.008 0 -0.82
547.523 -106.648 9.07204 0.960816 -0.0265525 -0.00196362 0.275906
543.492 -104.727 8.65765 0.973241 -0.0213207 0.000798755 0.228796
327
1439064013.766859196 0.008008 0.004429
1439064013.768651623 0.005174 -0.006703
1439064013.778795182 0.004974 -0.001605
1439064013.788610441 0.006906 0.005221
1439064013.798980011 0.00928 -0.006304
1439064013.808780861 0.012265 -0.000857
1439064013.818445131 0.011131 -0.004677
1439064013.828804207 0.00923 -0.004501
1439064013.838593025 0.008023 -0.000546
1439064013.848494680 0.007194 0.0013
1439064013.858295885 0.012452 -0.004143
1439064013.868964141 0.026633 -0.010537
1439064013.878562335 0.00845 -0.005745
1439064013.888363709 0.015777 -0.001474
1439064013.898724882 0.01029 -0.005637
1439064013.908769478 0.016654 0.002239
1439064013.918848977 0.013248 0.00889
1439064013.928726739 0.009798 -0.000735
1439064013.938637967 0.007278 0.006324
1439064013.948795916 0.004657 -0.003549
1439064013.958575025 0.010061 -0.001894
1439064013.968626436 0.00951 -0.002984
1439064013.978504449 0.009232 -0.000247
1439064013.988353444 0.00614 -0.000998
1439064013.998779134 0.009137 -0.00455
1439064014.008556801 0.009864 0.002958
1439064014.018421133 0.008435 -0.000106
1439064014.028527629 0.011082 0.004464
1439064014.038874592 0.009814 -0.000563
1439064014.048711380 0.013309 -0.002548
1439064014.058378041 0.003261 0.004099
1439064014.068658999 4.1e-05 -0.002194
1439064014.078794628 0.010461 -0.006474
1439064014.088358526 0.014433 -0.007504
1439064014.098713588 0.007746 -0.003003
1439064014.108865002 0.011391 -0.004897
1439064014.118459145 0.008248 -6.7e-05
1439064014.128876144 0.005276 0.001768
1439064014.138591587 0.011217 -0.001381
1439064014.148452494 0.004464 0.000934
1439064014.158400231 0.008335 -0.006767
1439064014.168649947 0.014687 -0.003388
1439064014.178488387 0.011946 0.000422
1439064014.188580818 0.006727 -0.000134
1439064014.198921832 0.008962 0.006329
1439064014.208736830 0.014616 -0.006524
1439064014.218762093 0.011039 -0.002525
1439064014.228937880 0.007881 -0.000719
1439064014.238845933 0.002782 -0.000648
1439064014.248484963 0.001263 -0.004481
1439064014.258300322 0.003978 0.006067
1439064014.268647144 0.010031 -0.003097
1439064014.278613856 0.007888 0.000556
1439064014.288601275 0.007251 -0.002706
1439064014.298771103 0.00744 0.005406
1439064014.308594553 0.00748 0.002805
1439064014.318480841 0.008187 0.003383
1439064014.328712876 0.004994 -0.001419
1439064014.338613817 0.006925 -0.001425
1439064014.348705723 0.009728 0.001357
1439064014.358323120 0.009692 0.001419
1439064014.368647384 0.007616 -0.003109
1439064014.378710566 0.011944 -0.003832
1439064014.388660881 0.003274 -0.004285
1439064014.399133379 0.009564 -0.002792
1439064014.408893104 0.014025 -0.003978
1439064014.418728148 0.006151 -0.00391
1439064014.428759309 0.010758 0.001164
1439064014.438553979 0.0107 -0.000198
1439064014.448772006 0.011063 0.001857
1439064014.458562271 0.011179 0.002148
1439064014.468699744 0.011311 -0.006144
1439064014.478622769 0.006324 0.003568
1439064014.488498307 0.004161 -0.006541
1439064014.498743879 0.012815 0.002435
1439064014.508542226 0.018171 -0.005708
1439064014.518410662 0.029089 -0.019168
1439064014.528754809 0.055045 -0.031236
1439064014.538712209 0.12128 -0.071234
1439064014.548495478 0.291292 -0.157356
1439064014.558590444 0.460903 -0.254086
1439064014.568605749 0.721921 -0.390522
1439064014.578497277 1.00694 -0.534641
1439064014.588433906 1.21759 -0.651131
1439064014.598683124 1.49721 -0.772406
1439064014.608686972 1.75631 -0.9199
1439064014.618469030 2.00252 -1.03442
1439064014.628456395 2.32985 -1.15496
1439064014.638759634 2.48319 -1.22785
1439064014.648759881 2.31234 -1.14709
1439064014.658636536 2.07141 -1.03332
1439064014.668736385 2.1335 -1.08367
1439064014.678537055 2.28647 -1.13289
1439064014.688446316 2.40382 -1.16827
1439064014.698818070 2.45219 -1.16679
1439064014.708617335 2.35581 -1.103
1439064014.718462472 2.31012 -1.087
1439064014.728783579 2.43402 -1.1058
1439064014.739073679 2.59624 -1.01734
1439064014.748784381 2.61157 -0.921025
1439064014.758599545 3.06225 -0.960033
1439064014.768724057 3.02966 -0.893811
1439064014.778562771 2.91217 -0.874063
1439064014.788423063 2.84499 -0.871488
1439064014.798739053 2.58274 -0.849205
1439064014.808599879 2.66024 -0.952351
1439064014.818487183 2.53883 -0.968107
1439064014.828324236 2.56046 -1.05264
1439064014.838729224 2.54315 -1.0984
1439064014.848605812 2.48667 -1.1056
1439064014.858542213 2.46486 -1.10194
1439064014.868765405 2.40618 -1.03142
1439064014.878532393 2.41278 -0.983773
1439064014.888694989 2.59639 -0.993948
1439064014.898963060 2.58055 -0.951329
1439064014.908699470 2.80744 -0.985523
1439064014.918514744 2.68945 -0.989344
1439064014.928521080 2.76162 -1.05436
1439064014.938817764 2.63677 -1.01813
1439064014.948591079 2.62649 -1.03518
1439064014.958565820 2.42868 -0.96384
1439064014.968727334 2.26883 -0.932225
1439064014.978571010 2.66586 -1.04688
1439064014.988498191 2.59024 -0.985062
1439064014.998343421 2.75794 -1.03567
1439064015.008586859 2.69715 -0.983655
1439064015.018525367 2.62818 -0.996291
1439064015.028347141 2.69332 -1.00479
1439064015.038707543 2.45916 -0.92776
1439064015.048586447 2.43725 -0.928881
1439064015.058377741 2.53169 -0.982758
1439064015.068653912 2.35072 -0.960386
1439064015.078919141 2.68834 -1.11738
1439064015.088733482 2.59201 -1.07928
1439064015.098303094 2.51875 -1.08559
1439064015.108644887 2.49739 -1.0559
1439064015.118516887 2.34854 -0.992523
1439064015.128451641 2.66341 -1.0971
1439064015.138730640 2.74687 -1.07245
1439064015.148535227 2.849 -1.09414
1439064015.158526386 2.89089 -1.10411
1439064015.168982962 2.57615 -0.967853
1439064015.178749136 2.4783 -0.979244
1439064015.188476471 2.73847 -1.0756
1439064015.198362984 2.20539 -0.890239
1439064015.208687673 2.52447 -1.01973
1439064015.218579071 3.0749 -1.04948
1439064015.228414762 3.10954 -0.923527
1439064015.238658870 3.4658 -0.956687
1439064015.248522590 3.28989 -0.808196
1439064015.258705659 3.00255 -0.807735
1439064015.268737571 2.96624 -0.877091
1439064015.278527285 2.89435 -0.90594
1439064015.288426942 2.80255 -0.946521
1439064015.298303835 2.74044 -0.96914
1439064015.308741057 2.6098 -0.960108
1439064015.318482291 2.73493 -1.0568
1439064015.328311535 2.59432 -0.994142
1439064015.338652381 2.62329 -1.03414
1439064015.348536222 2.48382 -0.971464
1439064015.358437598 2.38567 -0.947611
1439064015.368760117 2.53619 -1.03268
1439064015.378597016 2.58736 -1.01869
1439064015.388475997 2.73456 -1.04218
1439064015.398776128 2.55951 -0.989256
1439064015.408662279 2.50441 -0.951811
1439064015.418717553 2.49674 -0.971188
1439064015.428377524 2.40795 -0.967977
1439064015.438679549 2.4014 -0.956762
1439064015.448575947 2.6307 -1.00236
1439064015.458467987 2.57623 -0.945872
1439064015.468661787 2.34502 -0.892527
1439064015.478815442 2.47021 -0.900856
1439064015.488442479 2.41284 -0.870716
1439064015.498272583 2.7052 -0.955348
1439064015.508663410 2.55664 -0.910775
1439064015.518487107 2.63056 -0.968335
1439064015.528340195 2.59332 -0.965846
1439064015.538688710 2.56667 -0.984077
1439064015.548655528 2.63212 -1.01921
1439064015.558451794 2.66111 -1.0034
1439064015.568824953 2.31897 -0.90388
1439064015.578716807 2.63998 -1.02896
1439064015.588719480 2.56261 -0.957594
1439064015.598985510 2.47487 -0.958119
1439064015.608592271 2.6703 -0.985331
1439064015.618445825 2.69384 -0.909339
1439064015.628516903 2.74012 -0.875797
1439064015.638630134 2.91604 -0.949674
1439064015.648527275 3.11817 -0.951377
1439064015.658485142 2.67908 -0.818779
1439064015.668970613 2.76567 -0.946985
1439064015.678757331 2.94549 -0.976442
1439064015.688739766 2.67517 -0.935039
1439064015.698365304 2.97158 -1.07243
1439064015.708655054 2.67678 -1.01478
1439064015.718556174 2.77881 -1.03562
1439064015.728393365 2.81042 -1.08162
1439064015.738710760 2.70776 -1.04223
1439064015.748707622 2.98763 -1.09128
1439064015.758395347 2.77804 -0.98611
1439064015.768742168 2.58567 -0.995832
1439064015.778577040 2.86673 -1.06845
1439064015.788525767 2.76186 -1.01004
1439064015.798436915 3.18175 -1.02733
1439064015.808932410 3.13855 -0.86904
1439064015.818478991 2.83693 -0.854789
1439064015.828350822 3.19872 -0.944035
1439064015.838663252 2.4249 -0.765318
1439064015.848527932 2.64122 -0.932654
1439064015.858357981 2.86658 -0.965384
1439064015.868813167 2.56008 -0.911976
1439064015.878545198 2.88247 -1.06339
1439064015.888408214 3.16262 -1.06008
1439064015.898322272 2.6607 -0.948916
1439064015.908643517 2.77363 -1.01489
1439064015.918474120 3.15257 -1.09099
1439064015.928336500 2.67175 -0.921598
1439064015.938724520 3.07237 -1.1751
1439064015.948535349 3.01288 -1.08654
1439064015.958650600 2.5751 -0.988481
1439064015.968921938 3.07441 -1.21489
1439064015.978828361 3.08177 -1.03411
1439064015.988683112 2.72887 -1.00979
1439064015.998980695 2.94461 -1.10226
1439064016.008571628 2.67867 -0.904585
1439064016.018435813 2.44054 -0.937007
1439064016.029009944 3.00749 -1.14926
1439064016.038693482 2.44218 -0.900748
1439064016.048645273 2.81089 -1.13398
1439064016.058358760 3.03837 -1.12709
1439064016.068756163 2.20477 -0.895995
1439064016.078563351 3.16021 -1.27833
1439064016.088422726 2.17015 -0.852129
1439064016.098328223 2.98248 -1.20352
1439064016.108635722 2.47964 -0.880921
1439064016.118486593 3.03218 -1.10707
1439064016.128391983 3.10291 -1.08933
1439064016.138669807 2.68856 -0.933319
1439064016.148895404 3.15052 -1.0681
1439064016.158633970 2.86998 -0.896587
1439064016.168382622 2.97885 -1.00873
1439064016.178910213 2.64511 -0.882079
1439064016.188478974 3.05603 -1.07725
1439064016.198778037 2.52779 -0.901981
1439064016.208783138 3.13022 -1.07363
1439064016.218566334 2.75144 -1.02051
1439064016.228686945 3.09262 -1.10395
1439064016.238786313 2.17048 -0.855171
1439064016.248527993 2.64054 -1.02167
1439064016.258355847 2.9489 -1.1389
1439064016.268736304 2.42832 -0.913624
1439064016.278678577 3.11074 -1.20731
1439064016.288456259 2.76421 -0.981086
1439064016.298740820 2.61486 -0.937962
1439064016.308710448 2.73486 -1.05743
1439064016.318832381 2.93919 -1.02524
1439064016.328618426 3.13263 -1.20987
1439064016.338699947 2.72874 -1.06969
1439064016.348522864 2.62696 -0.955001
1439064016.358694147 3.0677 -1.25111
1439064016.368917719 2.33289 -0.908939
1439064016.378863994 2.82031 -0.924209
1439064016.388557966 3.4264 -1.19585
1439064016.398402908 2.5979 -0.874156
1439064016.409095852 2.80047 -0.933885
1439064016.418764461 3.41787 -1.12043
1439064016.428716572 3.21603 -1.25568
1439064016.438810383 2.64555 -0.982313
1439064016.448558620 2.46095 -0.889263
1439064016.458425501 3.32478 -1.2224
1439064016.468710782 3.37308 -1.34016
1439064016.478555641 2.97179 -1.19199
1439064016.488463983 2.92607 -1.14021
1439064016.498351755 2.59612 -0.988907
1439064016.508810381 3.09941 -1.17378
1439064016.518728517 2.63753 -0.969961
1439064016.528597400 3.6556 -1.36738
1439064016.539100829 3.34074 -1.08941
1439064016.548766788 3.08001 -1.2302
1439064016.558580968 3.13195 -1.07311
1439064016.568700487 2.75882 -0.982432
1439064016.578572034 3.12811 -1.27567
1439064016.588531014 2.57833 -0.966796
1439064016.598611445 2.62788 -1.0742
1439064016.608900854 3.54877 -1.52694
1439064016.618739216 2.10211 -0.754122
1439064016.628395360 2.92728 -1.25008
1439064016.638663393 2.96015 -1.06478
1439064016.648522047 2.32369 -0.913559
1439064016.658443857 3.09999 -1.29119
1439064016.668744701 2.99195 -1.08228
1439064016.678569024 2.90613 -1.24509
1439064016.688463337 2.78406 -1.16803
1439064016.698397631 3.13416 -1.09436
1439064016.708724071 2.80008 -1.25031
1439064016.718473928 2.60872 -1.07363
1439064016.728367180 2.66532 -1.02814
1439064016.738697810 3.84425 -1.51814
1439064016.748531864 2.80342 -0.963615
1439064016.758433304 3.0802 -1.10875
1439064016.768733786 3.23019 -0.975507
1439064016.778554413 3.24256 -1.12332
1439064016.788489244 3.6899 -1.45402
1439064016.798330013 2.70726 -0.738642
1439064016.808690178 2.7095 -1.00843
1439064016.818966054 3.35741 -1.26441
1439064016.828399314 2.83183 -0.861692
1439064016.838677986 3.07375 -1.24991
1439064016.848736714 3.1216 -1.04853
1439064016.858704045 2.63944 -0.988067
1439064016.868708736 3.01314 -1.26301
1439064016.878634467 3.02861 -1.05282
1439064016.888462033 2.56827 -1.11766
1439064016.898291708 3.11307 -1.21586
1439064016.908674999 2.70757 -0.972846
1439064016.918617786 3.5689 -1.34364
1439064016.928620354 3.10105 -1.01182
1439064016.938753713 2.53521 -0.930152
1439064016.948592548 2.99247 -1.10137
1439064016.958441477 3.4832 -1.12704
1439064016.968851991 2.60136 -0.902243
1439064016.978633174 3.08559 -1.23352
1439064016.988574115 2.81857 -1.02432
1439064016.998400246 3.30364 -1.2545
1439064017.008604365 2.20678 -0.896398
1439064017.018588681 3.11477 -1.31203
108
1439064013.766854755 478.6 0.4 17.4 0.985 0 -0.009 -0.173
1439064013.788283055 478.6 0.4 17.4 0.985 0 -0.009 -0.173
1439064013.820694130 478.6 0.4 17.4 0.985 0 -0.009 -0.173
1439064013.848293804 478.6 0.4 17.4 0.985 0 -0.009 -0.173
1439064013.878359145 478.6 0.4 17.4 0.985 0 -0.009 -0.173
1439064013.908202639 478.7 0.4 17.4 0.985 0 -0.009 -0.173
1439064013.940971552 478.8 0.4 17.4 0.985 0 -0.009 -0.173
1439064013.968155373 479 0.3 17.4 0.985 0 -0.009 -0.173
1439064014.001167406 479.1 0.3 17.4 0.985 0 -0.009 -0.173
1439064014.028670539 479.2 0.2 17.4 0.985 0 -0.009 -0.173
1439064014.061240114 479.4 0.1 17.4 0.985 0 -0.009 -0.173
1439064014.087637471 479.5 0.1 17.4 0.985 0 -0.009 -0.173
1439064014.120700767 479.6 0 17.4 0.985 0 -0.009 -0.173
1439064014.148093273 479.8 0 17.4 0.985 0 -0.009 -0.173
1439064014.181002427 479.9 -0.1 17.4 0.985 0 -0.009 -0.173
1439064014.208449461 480.1 -0.1 17.5 0.985 0 -0.009 -0.173
1439064014.241637544 480.2 -0.2 17.5 0.985 0 -0.009 -0.173
1439064014.268279220 480.3 -0.2 17.5 0.985 0 -0.009 -0.173
1439064014.300923375 480.5 -0.3 17.5 0.985 0 -0.009 -0.173
1439064014.327449667 480.6 -0.3 17.5 0.985 0 -0.009 -0.173
1439064014.360753684 480.8 -0.4 17.5 0.985 0 -0.009 -0.173
1439064014.387845387 480.9 -0.4 17.5 0.985 0 -0.009 -0.173
1439064014.421246632 481 -0.5 17.5 0.985 0 -0.009 -0.173
1439064014.447790994 481.2 -0.5 17.5 0.985 0 -0.009 -0.173
1439064014.481183411 481.3 -0.6 17.5 0.985 0 -0.009 -0.173
1439064014.507933276 481.5 -0.6 17.5 0.985 0 -0.009 -0.173
1439064014.540980843 481.6 -0.7 17.5 0.985 0 -0.009 -0.173
1439064014.567940829 481.8 -0.7 17.5 0.985 0 -0.009 -0.173
1439064014.600714664 481.9 -0.8 17.5 0.985 0 -0.009 -0.173
1439064014.628440011 482 -0.8 17.5 0.985 0 -0.009 -0.173
1439064014.660887281 482.2 -0.9 17.5 0.985 0 -0.009 -0.173
1439064014.688440429 482.3 -0.9 17.5 0.985 0 -0.009 -0.173
1439064014.721437609 482.4 -1 17.5 0.985 0 -0.009 -0.173
1439064014.751162897 482.6 -1 17.5 0.985 0 -0.009 -0.173
1439064014.780999641 482.7 -1.1 17.5 0.985 0 -0.009 -0.173
1439064014.810773340 482.9 -1.1 17.6 0.985 0 -0.009 -0.173
1439064014.840878915 483 -1.2 17.6 0.985 0 -0.009 -0.173
1439064014.870847068 483.2 -1.2 17.6 0.985 0 -0.009 -0.173
1439064014.901327137 483.3 -1.3 17.6 0.985 0 -0.009 -0.173
1439064014.934202026 483.5 -1.3 17.6 0.985 0 -0.009 -0.173
1439064014.964282831 483.6 -1.4 17.6 0.985 0 -0.009 -0.173
1439064014.994006609 483.7 -1.4 17.6 0.985 0 -0.009 -0.173
1439064015.023810390 483.9 -1.5 17.6 0.985 0 -0.009 -0.173
1439064015.054422873 484 -1.5 17.6 0.985 0 -0.009 -0.173
1439064015.084197507 484.2 -1.6 17.6 0.985 0 -0.009 -0.173
1439064015.113985583 484.3 -1.6 17.6 0.985 0 -0.009 -0.173
1439064015.146909945 484.4 -1.7 17.6 0.985 0 -0.009 -0.173
1439064015.174208084 484.6 -1.7 17.6 0.985 0 -0.009 -0.173
1439064015.203972427 484.7 -1.8 17.6 0.985 0 -0.009 -0.173
1439064015.233587627 484.9 -1.8 17.6 0.985 0 -0.009 -0.173
1439064015.267192320 485 -1.9 17.6 0.985 0 -0.009 -0.173
1439064015.296891326 485.1 -2 17.6 0.985 0 -0.009 -0.173
1439064015.327531346 485.3 -2 17.6 0.985 0 -0.009 -0.173
1439064015.357288343 485.4 -2.1 17.6 0.985 0 -0.009 -0.173
1439064015.387087318 485.6 -2.1 17.7 0.985 0 -0.009 -0.173
1439064015.417317969 485.7 -2.1 17.7 0.985 0 -0.009 -0.173
1439064015.446887139 485.9 -2.2 17.7 0.985 0 -0.009 -0.173
1439064015.477571177 486 -2.2 17.7 0.985 0 -0.009 -0.173
1439064015.507155296 486.1 -2.3 17.7 0.985 0 -0.009 -0.173
1439064015.537088450 486.3 -2.4 17.7 0.985 0 -0.009 -0.173
1439064015.567256296 486.4 -2.4 17.7 0.985 0 -0.009 -0.173
1439064015.597651503 486.6 -2.5 17.7 0.985 0 -0.009 -0.173
1439064015.627731375 486.7 -2.5 17.7 0.985 0 -0.009 -0.173
1439064015.657530428 486.8 -2.5 17.7 0.985 0 -0.009 -0.173
1439064015.687509739 487 -2.6 17.7 0.985 0 -0.009 -0.173
1439064015.717115806 487.1 -2.7 17.7 0.985 0 -0.009 -0.173
1439064015.749983192 487.3 -2.7 17.7 0.985 0 -0.009 -0.173
1439064015.777367426 487.4 -2.7 17.7 0.985 0 -0.009 -0.173
1439064015.807424131 487.5 -2.8 17.7 0.985 0 -0.009 -0.173
1439064015.836853979 487.7 -2.8 17.7 0.985 0 -0.009 -0.173
1439064015.869603541 487.8 -2.9 17.7 0.985 0 -0.009 -0.173
1439064015.899926206 488 -3 17.7 0.985 0 -0.009 -0.173
1439064015.929516693 488.1 -3 17.7 0.985 0 -0.009 -0.173
1439064015.957719629 488.2 -3.1 17.7 0.985 0 -0.009 -0.173
1439064015.989812902 488.4 -3.1 17.8 0.985 0 -0.009 -0.173
1439064016.019837530 488.5 -3.2 17.8 0.985 0 -0.009 -0.173
1439064016.049930646 488.7 -3.2 17.8 0.985 0 -0.009 -0.173
1439064016.079747556 488.8 -3.3 17.8 0.985 0 -0.009 -0.173
1439064016.112823923 489 -3.3 17.8 0.985 0 -0.009 -0.173
1439064016.140454581 489.1 -3.4 17.8 0.985 0 -0.009 -0.173
1439064016.172851617 489.3 -3.4 17.8 0.985 0 -0.009 -0.173
1439064016.200434768 489.4 -3.5 17.8 0.985 0 -0.009 -0.173
1439064016.232665800 489.5 -3.5 17.8 0.985 0 -0.009 -0.173
1439064016.260414012 489.6 -3.6 17.8 0.985 0 -0.009 -0.173
1439064016.290172008 489.8 -3.6 17.8 0.985 0 -0.009 -0.173
1439064016.320782265 489.9 -3.6 17.8 0.985 0 -0.009 -0.173
1439064016.352864296 490 -3.7 17.8 0.985 0 -0.009 -0.173
1439064016.380103883 490.2 -3.7 17.8 0.985 0 -0.009 -0.173
1439064016.410411817 490.3 -3.8 17.8 0.985 0 -0.009 -0.173
1439064016.440037343 490.5 -3.8 17.8 0.985 0 -0.009 -0.173
1439064016.472950027 490.6 -3.9 17.8 0.985 0 -0.009 -0.173
1439064016.499613373 490.8 -4 17.8 0.985 0 -0.009 -0.173
1439064016.533256284 490.9 -4 17.8 0.985 0 -0.009 -0.173
1439064016.560310897 491 -4.1 17.9 0.985 0 -0.009 -0.173
1439064016.590037728 491.2 -4.1 17.9 0.985 0 -0.009 -0.173
1439064016.619751505 491.3 -4.2 17.9 0.985 0 -0.009 -0.173
1439064016.652482430 491.5 -4.2 17.9 0.985 0 -0.009 -0.173
1439064016.679958325 491.6 -4.3 17.9 0.985 0 -0.009 -0.173
1439064016.713245227 491.7 -4.3 17.9 0.985 0 -0.009 -0.173
1439064016.742762409 491.9 -4.4 17.9 0.985 0 -0.009 -0.173
1439064016.772542353 492 -4.4 17.9 0.985 0 -0.009 -0.173
1439064016.806343341 492.1 -4.5 17.9 0.985 0 -0.009 -0.173
1439064016.836387487 492.3 -4.5 17.9 0.985 0 -0.009 -0.173
1439064016.865667622 492.4 -4.6 17.9 0.985 0 -0.009 -0.173
1439064016.896487374 492.6 -4.6 17.9 0.985 0 -0.009 -0.173
1439064016.925648838 492.7 -4.7 17.9 0.985 0 -0.009 -0.173
1439064016.958659362 492.9 -4.8 17.9 0.985 0 -0.009 -0.173
1439064016.986305213 493 -4.8 17.9 0.985 0 -0.009 -0.173
543.448 -104.703 8.6659 0.973262 -0.0210015 0.00112361 0.228732
530.84 -104.227 7.3592 0.986408 -0.00752654 -1.39826e-05 0.164145
321
1439064052.457614953 0.006808 0.005336
1439064052.458509273 0.009053 0.007799
1439064052.468460563 0.017051 0.001862
1439064052.478708160 0.025668 -0.019798
1439064052.488539619 -0.023386 -0.017512
1439064052.498501000 -0.004237 0.00444
1439064052.508411462 0.013785 0.001368
1439064052.518673097 -0.01838 -0.005547
1439064052.528750333 -0.005597 0.000208
1439064052.538405011 0.018864 0.032846
1439064052.548687308 0.046782 0.034247
1439064052.558594945 -0.015193 0.017044
1439064052.568656948 0.005014 0.009199
1439064052.578592344 0.018081 -0.003855
1439064052.588936595 0.002282 0.003642
1439064052.598441403 0.00408 -0.00564
1439064052.608766231 -0.002845 0.002231
1439064052.618602126 -0.00275 -0.008033
1439064052.628504782 -0.001364 -0.00386
1439064052.638377317 0.011994 -0.005404
1439064052.648932714 0.001078 -0.012838
1439064052.658556510 0.003886 -0.000506
1439064052.668449300 0.003841 -0.015303
1439064052.679125997 -0.008331 -0.007138
1439064052.688903232 0.015115 0.006629
1439064052.698731691 -0.005883 -0.009404
1439064052.708338697 -0.007565 0.002327
1439064052.718691353 0.004597 -0.004622
1439064052.728478880 0.081482 -0.020543
1439064052.738428886 1.35012 -0.138477
1439064052.748698260 2.234 -0.200609
1439064052.758524316 1.93375 -0.008203
1439064052.768429409 2.13872 0.110765
1439064052.778751197 2.15206 0.233563
1439064052.788564645 1.85608 0.07784
1439064052.798447749 2.13913 0.2147
1439064052.808803528 2.07449 0.173757
1439064052.818654093 2.28373 0.22391
1439064052.828502580 2.05565 0.159989
1439064052.838319568 2.12627 0.210372
1439064052.848630322 2.27601 0.208103
1439064052.858552531 2.335 0.089389
1439064052.868420418 1.90895 0.212103
1439064052.878700351 2.34512 0.104484
1439064052.888616272 2.06117 0.00082
1439064052.898528262 1.93437 0.116247
1439064052.908818428 2.19083 0.178842
1439064052.918635907 2.11294 0.017686
1439064052.928519019 2.00454 0.251548
1439064052.938309582 2.2898 0.107121
1439064052.948719558 2.36618 0.034548
1439064052.958662425 1.64786 0.048206
1439064052.968501100 2.03079 0.271183
1439064052.978711489 2.29778 0.146338
1439064052.988835321 2.07758 0.134183
1439064052.998510720 1.92287 0.27005
1439064053.008961869 2.24935 0.302508
1439064053.018710335 2.22904 0.332316
1439064053.028450752 2.26171 0.422438
1439064053.038383871 2.18193 0.474836
1439064053.048698729 2.16416 0.475107
1439064053.058525958 2.36674 0.491976
1439064053.068456959 2.24751 0.355978
1439064053.078676432 2.16119 0.369719
1439064053.088568553 2.23974 0.304641
1439064053.098458962 2.32684 0.196218
1439064053.108562997 1.95606 0.07367
1439064053.118666940 2.07649 0.164452
1439064053.128539416 2.17938 0.039367
1439064053.138412866 1.98071 0.02864
1439064053.148657804 2.11843 0.139079
1439064053.158652443 2.38548 0.075164
1439064053.168699145 2.10554 -0.005859
1439064053.178563682 2.10241 0.232917
1439064053.188666677 2.33987 0.076997
1439064053.198690471 1.90707 0.201588
1439064053.208295587 2.16992 0.23281
1439064053.218650036 2.56513 0.083487
1439064053.228563899 2.05854 -0.034675
1439064053.238585143 1.63372 0.203038
1439064053.248647824 2.00146 0.175426
1439064053.258832396 2.47086 -0.035929
1439064053.268758545 2.19707 0.277807
1439064053.278537250 2.40072 0.07291
1439064053.288594221 1.8751 0.129446
1439064053.298464071 2.20554 0.20604
1439064053.308325181 2.4123 0.02805
1439064053.318654380 1.69189 0.015385
1439064053.328461001 2.117 0.193281
1439064053.338402545 2.48074 0.035388
1439064053.348692845 2.17933 0.002815
1439064053.358588911 1.81462 0.321689
1439064053.368545319 2.28986 0.123002
1439064053.378696359 2.05523 0.095891
1439064053.388856327 2.01153 0.187152
1439064053.398737793 2.2577 0.196649
1439064053.409080580 2.35229 0.093824
1439064053.418838952 1.84267 0.033019
1439064053.428587704 1.9184 0.268366
1439064053.438413601 2.25085 0.06083
1439064053.448842942 2.10523 0.009362
1439064053.458692820 2.15817 0.268762
1439064053.468455485 2.22204 0.179091
1439064053.478977666 1.89272 0.17312
1439064053.488625463 2.17811 0.345548
1439064053.498436622 2.17812 0.235957
1439064053.508333463 2.01569 0.239166
1439064053.518652245 2.21378 0.323347
1439064053.528524345 2.25862 0.17848
1439064053.538680350 2.12934 0.253609
1439064053.548766353 1.76064 0.166444
1439064053.558491261 2.28722 0.228977
1439064053.568415945 2.17211 0.12147
1439064053.578972979 1.76221 0.176483
1439064053.588646290 2.10296 0.297277
1439064053.598483521 2.33734 0.211069
1439064053.608739267 2.10281 0.120944
1439064053.618667015 1.69258 0.064616
1439064053.628518279 1.84389 0.219546
1439064053.638347143 2.13527 0.157045
1439064053.648688170 2.20158 0.086175
1439064053.658693177 1.61882 0.097756
1439064053.668535699 1.82888 0.171494
1439064053.678746955 2.13721 0.13599
1439064053.688629457 2.29928 0.061636
1439064053.698474666 1.80373 0.026245
1439064053.708747152 2.04519 0.262465
1439064053.718655912 2.29671 0.096749
1439064053.728478197 1.76787 0.001258
1439064053.738329191 1.93617 0.2958
1439064053.748661790 2.26774 0.135565
1439064053.758543767 2.10427 0.037707
1439064053.768510879 1.91688 0.322706
1439064053.778704541 2.1582 0.181443
1439064053.788673455 1.68286 0.145386
1439064053.798444333 2.08792 0.313142
1439064053.808298801 2.12297 0.126632
1439064053.818660835 2.13249 0.36788
1439064053.828467559 1.76191 0.128153
1439064053.838338511 2.06886 0.33425
1439064053.848708771 1.9483 0.180476
1439064053.858477927 2.15972 0.277687
1439064053.868419736 2.01823 0.280809
1439064053.878692391 2.29667 0.257899
1439064053.888510250 2.17982 0.127163
1439064053.898417120 1.76376 0.096091
1439064053.908789719 1.99506 0.273021
1439064053.918584209 2.11766 0.268946
1439064053.928509276 2.12742 0.213883
1439064053.938355770 1.7879 0.289388
1439064053.948641922 2.09692 0.332282
1439064053.958623212 2.1519 0.225935
1439064053.968392500 2.3937 0.3431
1439064053.978646821 2.17176 0.293399
1439064053.988610665 2.31069 0.365111
1439064053.998449749 2.38502 0.338048
1439064054.008730711 2.2207 0.199031
1439064054.018636228 1.93732 0.354304
1439064054.028480333 2.13453 0.287062
1439064054.038407354 2.11428 0.198764
1439064054.048690196 2.04035 0.284902
1439064054.058587413 2.02012 0.321219
1439064054.068360034 2.13643 0.278753
1439064054.078748945 2.20854 0.416482
1439064054.088546738 2.2244 0.245321
1439064054.098432533 2.01558 0.230483
1439064054.108747502 1.87953 0.196667
1439064054.118655331 2.12931 0.259576
1439064054.128498814 2.47364 0.118211
1439064054.138381158 2.17269 0.060918
1439064054.148660785 2.05461 0.262257
1439064054.158505752 2.35795 0.201227
1439064054.168404667 2.36833 0.071169
1439064054.178712758 2.14028 0.288028
1439064054.188591712 2.28356 0.208465
1439064054.198374067 2.45587 0.148839
1439064054.208698124 2.34011 0.276515
1439064054.218546675 2.17949 0.205586
1439064054.228446246 2.21335 0.164911
1439064054.238361478 2.09953 0.194168
1439064054.248674552 2.304 0.260365
1439064054.258484898 2.4691 0.114442
1439064054.268444882 1.95957 0.106728
1439064054.278680599 2.13816 0.327473
1439064054.288693236 2.38007 0.125232
1439064054.298443916 2.30075 0.34362
1439064054.308775535 2.32648 0.160999
1439064054.318645854 2.13206 0.028028
1439064054.328482779 1.88682 0.323983
1439064054.338368655 2.04575 0.12206
1439064054.348727669 1.65044 0.145193
1439064054.358566825 2.12468 0.243911
1439064054.368407399 1.70415 0.18191
1439064054.378735075 2.14795 0.299771
1439064054.388570466 2.36314 0.131457
1439064054.398525897 1.83101 0.027122
1439064054.408849528 1.53563 0.206436
1439064054.418648107 2.10645 0.207245
1439064054.428676187 2.20332 0.063214
1439064054.438363913 1.79544 0.095605
1439064054.448963637 2.09709 0.250535
1439064054.458794526 2.4341 0.067732
1439064054.468742196 1.50173 -0.002265
1439064054.478964265 1.93442 0.229045
1439064054.488550281 1.95836 0.084349
1439064054.498795394 2.26158 0.23951
1439064054.508998495 2.33288 0.114359
1439064054.518815687 2.00216 0.02566
1439064054.528447833 2.12285 0.320445
1439064054.538301631 2.38892 0.155622
1439064054.548630306 2.41289 0.309309
1439064054.558522442 2.4595 0.18107
1439064054.568430308 2.28692 0.39569
1439064054.578716847 2.40408 0.272412
1439064054.588560696 2.33678 0.483097
1439064054.598385412 2.33761 0.383242
1439064054.608702681 2.21528 0.623821
1439064054.618664814 2.40613 0.63889
1439064054.628498013 2.27467 0.5445
1439064054.638351059 2.48925 0.648387
1439064054.648656679 2.17648 0.362052
1439064054.658547259 2.0054 0.33664
1439064054.668461063 2.31402 0.431982
1439064054.678662646 2.37588 0.304141
1439064054.688563798 2.28617 0.164544
1439064054.698433806 1.84072 0.12785
1439064054.708731849 1.96921 0.248991
1439064054.718632958 2.16684 0.212469
1439064054.728428566 2.41437 0.067945
1439064054.738404298 2.23938 0.308598
1439064054.748645181 2.32602 0.1144
1439064054.758518802 1.98551 0.211244
1439064054.768366287 1.99831 0.336116
1439064054.778687813 2.20762 0.181263
1439064054.788574509 1.70905 0.154093
1439064054.798435293 2.02165 0.334758
1439064054.808747334 2.3856 0.154884
1439064054.818678264 2.25903 0.374872
1439064054.828480236 2.13331 0.23075
1439064054.838337811 1.99381 0.092095
1439064054.848604311 2.1986 0.310926
1439064054.858766740 2.06153 0.112471
1439064054.868553391 2.22317 0.341546
1439064054.878683963 2.21847 0.205789
1439064054.888527631 2.50087 0.344527
1439064054.898377488 2.17819 0.097224
1439064054.908738057 2.2288 0.369779
1439064054.918601595 2.18466 0.208897
1439064054.928419075 2.16808 0.079648
1439064054.938343697 1.74099 0.217741
1439064054.948619514 2.2021 0.26092
1439064054.958463379 2.228 0.029849
1439064054.968351846 2.17101 0.361115
1439064054.978653283 2.35318 0.159948
1439064054.988528719 2.17635 0.410101
1439064054.998471382 2.18625 0.241184
1439064055.008777369 2.26625 0.419681
1439064055.018607556 2.36982 0.179507
1439064055.028711603 2.13147 0.41503
1439064055.038321286 2.13118 0.201672
1439064055.048665570 1.90356 0.115557
1439064055.058609716 1.70229 0.396771
1439064055.068466681 2.00934 0.269404
1439064055.078668870 2.16396 0.160133
1439064055.088930996 1.86441 0.042358
1439064055.098438903 1.78249 0.318257
1439064055.108443223 1.92922 0.07302
1439064055.118592168 2.07707 0.31843
1439064055.128445484 2.34136 0.11577
1439064055.138323875 1.52893 0.125113
1439064055.148654719 2.06317 0.271055
1439064055.158519020 2.07089 0.089089
1439064055.168438744 2.00352 0.346178
1439064055.178724181 2.19811 0.234114
1439064055.188827301 2.28818 0.407548
1439064055.198709299 2.10745 0.311552
1439064055.208903533 2.24611 0.309636
1439064055.218847033 2.13053 0.211696
1439064055.228556408 2.0599 0.410036
1439064055.238322394 2.1337 0.358234
1439064055.248694272 2.39236 0.307
1439064055.258839673 2.17902 0.496381
1439064055.268413878 2.054 0.476559
1439064055.278678702 2.33612 0.538526
1439064055.288550218 2.14181 0.455798
1439064055.298404270 2.35037 0.528936
1439064055.308713927 2.36947 0.423091
1439064055.318563723 2.15441 0.332031
1439064055.328505577 2.18941 0.446527
1439064055.338351832 2.31417 0.347781
1439064055.348770782 2.26243 0.273436
1439064055.358879699 2.335 0.319838
1439064055.368622094 1.86666 0.293841
1439064055.379121900 2.13122 0.389401
1439064055.388842685 2.19305 0.479933
1439064055.398458124 2.30664 0.280458
1439064055.408757624 2.22114 0.444092
1439064055.418596032 2.19276 0.318109
1439064055.428470568 1.85506 0.231689
1439064055.438394611 2.24279 0.343302
1439064055.448689707 2.09096 0.2296
1439064055.458501622 1.78713 0.160485
1439064055.468374256 1.98599 0.312628
1439064055.478754332 1.97545 0.242721
1439064055.488550585 1.87532 0.165517
1439064055.498437666 1.91616 0.27699
1439064055.508764682 1.92745 0.268522
1439064055.518599837 2.34389 0.220908
1439064055.528608700 1.83046 0.078371
1439064055.538438596 2.0795 0.362923
1439064055.548624701 2.13613 0.233289
1439064055.558563611 1.68224 0.237418
1439064055.568432537 2.10302 0.315701
1439064055.578842980 2.302 0.429778
1439064055.588668029 2.29905 0.274403
1439064055.598434649 2.00236 0.220054
1439064055.608826796 1.43213 0.260083
1439064055.618625229 2.29374 0.272521
1439064055.628473743 2.38111 0.492646
1439064055.638451499 2.31382 0.245643
1439064055.648630708 2.23004 0.493199
106
1439064052.457610494 651.3 -26.7 21.2 0.404 -0.007 0 -0.915
1439064052.485276939 651.3 -26.7 21.2 0.404 -0.007 0 -0.915
1439064052.518400324 651.3 -26.7 21.2 0.404 -0.007 0 -0.915
1439064052.544557064 651.3 -26.7 21.2 0.404 -0.007 0 -0.915
1439064052.575762170 651.3 -26.7 21.2 0.404 -0.007 0 -0.915
1439064052.605153705 651.1 -26.7 21.1 0.404 -0.007 0 -0.915
1439064052.637929503 651.1 -26.8 21.1 0.404 -0.007 0 -0.915
1439064052.667785282 651 -26.9 21.1 0.404 -0.007 0 -0.915
1439064052.698508625 650.9 -27.1 21.2 0.404 -0.007 0 -0.915
1439064052.728106349 650.8 -27.2 21.2 0.404 -0.007 0 -0.915
1439064052.760865111 650.7 -27.3 21.2 0.404 -0.007 0 -0.915
1439064052.788394236 650.6 -27.4 21.2 0.404 -0.007 0 -0.915
1439064052.821145831 650.5 -27.5 21.2 0.404 -0.007 0 -0.915
1439064052.847847307 650.4 -27.7 21.2 0.404 -0.007 0 -0.915
1439064052.880752348 650.3 -27.8 21.2 0.404 -0.007 0 -0.915
1439064052.908336181 650.2 -27.9 21.2 0.404 -0.007 0 -0.915
1439064052.941086564 650.1 -28 21.3 0.404 -0.007 0 -0.915
1439064052.970793056 650 -28.1 21.3 0.404 -0.007 0 -0.915
1439064053.000920040 649.9 -28.3 21.3 0.404 -0.007 0 -0.915
1439064053.027936170 649.8 -28.4 21.3 0.404 -0.007 0 -0.915
1439064053.060998954 649.7 -28.5 21.3 0.404 -0.007 0 -0.915
1439064053.087781154 649.6 -28.6 21.3 0.404 -0.007 0 -0.915
1439064053.118482810 649.5 -28.7 21.3 0.404 -0.007 0 -0.915
1439064053.148344420 649.4 -28.8 21.3 0.404 -0.007 0 -0.915
1439064053.181191017 649.3 -28.9 21.3 0.404 -0.007 0 -0.915
1439064053.211438000 649.2 -29 21.3 0.404 -0.007 0 -0.915
1439064053.247023909 649 -29.2 21.3 0.404 -0.007 0 -0.915
1439064053.274276586 648.9 -29.3 21.3 0.404 -0.007 0 -0.915
1439064053.307451336 648.8 -29.4 21.3 0.404 -0.007 0 -0.915
1439064053.337046251 648.7 -29.5 21.3 0.404 -0.007 0 -0.915
1439064053.367409542 648.6 -29.6 21.3 0.404 -0.007 0 -0.915
1439064053.396775560 648.5 -29.7 21.3 0.404 -0.007 0 -0.915
1439064053.429624229 648.4 -29.8 21.3 0.404 -0.007 0 -0.915
1439064053.457636746 648.3 -29.9 21.3 0.404 -0.007 0 -0.915
1439064053.489949595 648.2 -30.1 21.3 0.404 -0.007 0 -0.915
1439064053.519806148 648.1 -30.2 21.3 0.404 -0.007 0 -0.915
1439064053.549775703 648 -30.3 21.4 0.404 -0.007 0 -0.915
1439064053.577647155 647.9 -30.4 21.4 0.404 -0.007 0 -0.915
1439064053.610386765 647.8 -30.5 21.4 0.404 -0.007 0 -0.915
1439064053.637072680 647.7 -30.6 21.3 0.404 -0.007 0 -0.915
1439064053.670411517 647.6 -30.7 21.4 0.404 -0.007 0 -0.915
1439064053.700301852 647.5 -30.8 21.4 0.404 -0.007 0 -0.915
1439064053.733262734 647.4 -30.9 21.4 0.404 -0.007 0 -0.915
1439064053.759868405 647.3 -31.1 21.4 0.404 -0.007 0 -0.915
1439064053.792876582 647.2 -31.2 21.4 0.404 -0.007 0 -0.915
1439064053.820312552 647.1 -31.3 21.4 0.404 -0.007 0 -0.915
1439064053.853001911 647 -31.4 21.4 0.404 -0.007 0 -0.915
1439064053.879498663 646.9 -31.5 21.4 0.404 -0.007 0 -0.915
1439064053.910128264 646.8 -31.6 21.4 0.404 -0.007 0 -0.915
1439064053.939803976 646.7 -31.7 21.4 0.404 -0.007 0 -0.915
1439064053.972676771 646.6 -31.8 21.4 0.404 -0.007 0 -0.915
1439064054.000223756 646.5 -31.9 21.4 0.404 -0.007 0 -0.915
1439064054.033337812 646.4 -32.1 21.4 0.404 -0.007 0 -0.915
1439064054.063029456 646.3 -32.2 21.4 0.404 -0.007 0 -0.915
1439064054.095919361 646.2 -32.3 21.4 0.404 -0.007 0 -0.915
1439064054.123544669 646.1 -32.4 21.4 0.404 -0.007 0 -0.915
1439064054.155703605 646 -32.5 21.4 0.404 -0.007 0 -0.915
1439064054.183420632 645.9 -32.6 21.4 0.404 -0.007 0 -0.915
1439064054.215813169 645.8 -32.7 21.4 0.404 -0.007 0 -0.915
1439064054.243197339 645.7 -32.8 21.4 0.404 -0.007 0 -0.915
1439064054.276209640 645.6 -33 21.4 0.404 -0.007 0 -0.915
1439064054.303048981 645.5 -33.1 21.4 0.404 -0.007 0 -0.915
1439064054.336145424 645.4 -33.2 21.5 0.404 -0.007 0 -0.915
1439064054.362642101 645.3 -33.3 21.5 0.404 -0.007 0 -0.915
1439064054.393547671 645.2 -33.4 21.5 0.404 -0.007 0 -0.915
1439064054.423223122 645.1 -33.5 21.5 0.404 -0.007 0 -0.915
1439064054.455946240 645 -33.6 21.5 0.404 -0.007 0 -0.915
1439064054.483482855 644.9 -33.8 21.5 0.404 -0.007 0 -0.915
1439064054.516532938 644.8 -33.9 21.5 0.404 -0.007 0 -0.915
1439064054.546425420 644.7 -34 21.5 0.404 -0.007 0 -0.915
1439064054.576091306 644.6 -34.1 21.5 0.404 -0.007 0 -0.915
1439064054.605780015 644.5 -34.2 21.5 0.404 -0.007 0 -0.915
1439064054.638658429 644.4 -34.3 21.5 0.404 -0.007 0 -0.915
1439064054.666535889 644.3 -34.4 21.5 0.404 -0.007 0 -0.915
1439064054.698713319 644.2 -34.5 21.5 0.404 -0.007 0 -0.915
1439064054.726272841 644 -34.6 21.5 0.404 -0.007 0 -0.915
1439064054.759370134 643.9 -34.7 21.5 0.404 -0.007 0 -0.915
1439064054.786124912 643.8 -34.9 21.5 0.404 -0.007 0 -0.915
1439064054.819181122 643.7 -35 21.5 0.404 -0.007 0 -0.915
1439064054.845712280 643.6 -35.1 21.5 0.404 -0.007 0 -0.915
1439064054.879330690 643.5 -35.2 21.5 0.404 -0.007 0 -0.915
1439064054.908910419 643.4 -35.3 21.5 0.404 -0.007 0 -0.915
1439064054.938885752 643.3 -35.4 21.5 0.404 -0.007 0 -0.915
1439064054.968573209 643.2 -35.5 21.5 0.404 -0.007 0 -0.915
1439064054.999261315 643.1 -35.6 21.5 0.404 -0.007 0 -0.915
1439064055.029364511 643 -35.8 21.5 0.404 -0.007 0 -0.915
1439064055.059267444 642.9 -35.9 21.5 0.404 -0.007 0 -0.915
1439064055.089036671 642.8 -36 21.6 0.404 -0.007 0 -0.915
1439064055.122177255 642.7 -36.1 21.6 0.404 -0.007 0 -0.915
1439064055.148751626 642.6 -36.2 21.6 0.404 -0.007 0 -0.915
1439064055.182126905 642.5 -36.3 21.6 0.404 -0.007 0 -0.915
1439064055.208873969 642.4 -36.4 21.6 0.404 -0.007 0 -0.915
1439064055.242023428 642.3 -36.5 21.6 0.404 -0.007 0 -0.915
1439064055.269000245 642.2 -36.6 21.6 0.404 -0.007 0 -0.915
1439064055.301806396 642.1 -36.7 21.6 0.404 -0.007 0 -0.915
1439064055.329294023 642 -36.8 21.6 0.404 -0.007 0 -0.915
1439064055.361941107 641.9 -36.9 21.6 0.404 -0.007 0 -0.915
1439064055.391569301 641.8 -37.1 21.6 0.404 -0.007 0 -0.915
1439064055.422345153 641.7 -37.2 21.6 0.404 -0.007 0 -0.915
1439064055.452092880 641.6 -37.3 21.6 0.404 -0.007 0 -0.915
1439064055.485277490 641.5 -37.4 21.6 0.404 -0.007 0 -0.915
1439064055.511891835 641.4 -37.5 21.6 0.404 -0.007 0 -0.915
1439064055.545338515 641.3 -37.6 21.6 0.404 -0.007 0 -0.915
1439064055.572447604 641.2 -37.7 21.6 0.404 -0.007 0 -0.915
1439064055.604962292 641.1 -37.8 21.6 0.404 -0.007 0 -0.915
1439064055.632317138 641 -38 21.6 0.404 -0.007 0 -0.915
