15
674.074 -82.3914 7.45782 0.388875 -0.0111077 0.00667845 0.921199
674.04 -82.3888 7.41157 0.388895 -0.0107935 0.00671527 0.921194
2
1439223576.594130818 -0.022705 0.028608
1439223576.602362551 -0.023692 0.029077
2
1439223576.594130813 555.9 22.1 200 0.999 -0.016 0.036 0.015
1439223576.599162333 555.8 22.1 200 0.999 -0.016 0.036 0.015
674.066 -82.3923 7.44521 0.388883 -0.011015 0.00667944 0.921197
674.015 -82.3965 7.37069 0.388873 -0.0105817 0.00686141 0.921205
2
1439223581.066564725 -0.023651 0.029028
1439223581.072424993 -0.022822 0.027424
2
1439223581.066566392 555.9 22.1 200 0.999 -0.016 0.036 0.015
1439223581.077996760 555.8 22.1 200 0.999 -0.016 0.036 0.015
674.043 -82.3936 7.40689 0.388876 -0.0108456 0.00676272 0.921201
674.071 -82.3913 7.45111 0.388874 -0.0109857 0.00669637 0.921201
3
1439223585.508406652 -0.023762 0.028956
1439223585.512676932 -0.02365 0.027914
1439223585.522969079 -0.022677 0.030694
1
1439223585.508407767 555.9 22.1 200 0.999 -0.016 0.036 0.015
674.003 -82.3886 7.35003 0.388881 -0.0104434 0.0067985 0.921204
674.044 -82.3907 7.40871 0.38888 -0.0107885 0.00672836 0.921201
2
1439223589.935071059 -0.022466 0.030744
1439223589.942998094 -0.023686 0.03019
2
1439223589.935074866 555.9 22.1 200 0.999 -0.016 0.036 0.015
1439223589.938850620 555.9 22.1 200 0.999 -0.016 0.036 0.015
674.077 -82.386 7.45108 0.388872 -0.0110731 0.0065983 0.921202
674.012 -82.3837 7.35602 0.388895 -0.010435 0.0067121 0.921198
3
1439223594.275202698 -0.023592 0.03017
1439223594.283257663 -0.023651 0.029028
1439223594.293195136 -0.022745 0.029622
1
1439223594.275216590 555.9 22.1 200 0.999 -0.016 0.036 0.015
674.039 -82.3886 7.39714 0.388878 -0.0107167 0.00669838 0.921203
673.967 -82.3749 7.29215 0.388758 -0.0101688 0.00695792 0.921257
2
1439223598.781004142 -0.022886 0.029692
1439223598.783049058 -0.022844 0.028529
1
1439223598.781003389 555.9 22.1 200 0.999 -0.016 0.036 0.015
674.071 -82.3813 7.44039 0.388884 -0.0109485 0.00656071 0.921198
674.042 -82.393 7.39875 0.388865 -0.0107379 0.00673938 0.921207
2
1439223603.093534277 -0.022591 0.02963
1439223603.102666850 -0.023688 0.030027
2
1439223603.093533537 555.9 22.1 200 0.999 -0.016 0.036 0.015
1439223603.105399767 555.9 22.1 200 0.999 -0.016 0.036 0.015
674.011 -82.3901 7.35281 0.388892 -0.0104241 0.0067524 0.9212
674.043 -82.3808 7.39266 0.388891 -0.01065 0.00657615 0.921199
2
1439223607.605152539 -0.023818 0.029076
1439223607.613013526 -0.022613 0.030735
2
1439223607.605152489 555.8 22.1 200 0.999 -0.016 0.036 0.015
1439223607.614820871 555.9 22.1 200 0.999 -0.016 0.036 0.015
673.943 -82.3896 7.24886 0.388883 -0.00991138 0.00692345 0.921208
674.012 -82.3904 7.35069 0.388888 -0.0104819 0.00675684 0.921201
3
1439223612.119845646 -0.024452 0.029526
1439223612.122998962 -0.022876 0.028508
1439223612.132936305 -0.023429 0.031304
1
1439223612.119867898 555.9 22.1 200 0.999 -0.016 0.036 0.015
674.009 -82.3873 7.34393 0.388888 -0.0104114 0.00672874 0.921202
674.071 -82.3824 7.43303 0.388879 -0.0109476 0.00655207 0.9212
2
1439223616.631207642 -0.023701 0.03026
1439223616.632874639 -0.023734 0.028027
2
1439223616.631207613 555.9 22.1 200 0.999 -0.016 0.036 0.015
1439223616.632614724 555.9 22.1 200 0.999 -0.016 0.036 0.015
674.017 -82.3837 7.35384 0.388868 -0.0104877 0.00669807 0.92121
673.962 -82.3844 7.27369 0.388889 -0.0100455 0.00682073 0.921204
2
1439223621.089984109 -0.02356 0.03019
1439223621.093233827 -0.025578 0.028951
2
1439223621.090003424 555.8 22.1 200 0.999 -0.016 0.036 0.015
1439223621.090622860 555.9 22.1 200 0.999 -0.016 0.036 0.015
674.035 -82.3943 7.38618 0.388894 -0.0107053 0.00672516 0.921196
674.013 -82.3909 7.34638 0.388887 -0.0104976 0.00673245 0.921201
3
1439223625.465703852 -0.022634 0.029694
1439223625.472782780 -0.022785 0.029671
1439223625.483049451 -0.022565 0.029652
1
1439223625.465705716 555.9 22.1 200 0.999 -0.016 0.036 0.015
673.972 -82.3899 7.28939 0.388885 -0.0101266 0.00683078 0.921205
674.063 -82.3806 7.41657 0.388895 -0.0108135 0.00650518 0.921196
3
1439223630.078895945 -0.02276 0.029693
1439223630.086862816 -0.023791 0.027984
1439223630.097115674 -0.022465 0.029631
1
1439223630.078913205 555.8 22.1 200 0.999 -0.016 0.036 0.015
673.944 -82.3655 7.23991 0.388809 -0.00985184 0.00683468 0.921241
674.02 -82.3892 7.35321 0.388887 -0.0105304 0.00670146 0.921201
3
1439223634.488049528 -0.023671 0.030119
1439223634.496082679 -0.024552 0.029547
1439223634.506110347 -0.022816 0.028536
1
1439223634.488047577 555.9 22.1 200 0.999 -0.016 0.036 0.015
674.002 -82.3864 7.3255 0.388894 -0.0103662 0.00671922 0.9212
674.044 -82.3835 7.38533 0.388897 -0.010671 0.00657627 0.921196
2
1439223638.911613374 -0.023787 0.030211
1439223638.916438867 -0.023549 0.02917
2
1439223638.911608412 555.9 22.1 200 0.999 -0.016 0.036 0.015
1439223638.920250708 555.9 22.1 200 0.999 -0.016 0.036 0.015
